3.235096
2.456816
0.4124454
5.940233
4.794051
2.898249
5.056837
5.017875
4.748554
7.398346
0.2842114
0.5374028
6.479653
4.202473
4.208759
5.104553
3.694402
3.158494
6.205602
2.973653
7.582192
2.036287
2.423142
2.796869
4.021207
5.100098
3.935112
6.768813
3.858454
1.312503
3.56104
0.1219915
3.213267
1.310012
7.506955
3.533697
2.50306
0.9749313
0.4880647
3.092115
5.903962
4.841598
1.086683
5.161389
1.713771
1.563728
4.964803
4.31025
2.644589
5.184298
0.06508046
1.606849
6.423181
6.348754
5.858016
2.645429
3.044358
0.3637549
4.904831
3.350571
2.049352
2.957099
5.050914
6.978629
7.168301
2.395736
5.812093
1.077084
5.718606
6.027664
4.003025
7.264357
5.654205
6.311414
2.08645
1.216576
6.41777
3.440493
5.88182
0.627262
0.2738139
6.920349
7.37241
4.067152
5.628227
2.495965
6.92609
3.679734
1.374519
4.866941
1.858391
1.545435
3.432332
6.357249
1.201593
3.805277
2.924458
5.41837
1.23416
2.403146
2.687357
5.140808
1.393657
5.478701
0.8724804
6.043169
7.126454
6.47629
3.180008
4.118396
1.117868
1.361399
4.035315
1.508315
2.435243
2.526292
0.5393074
1.650769
1.911238
6.106362
6.795772
6.153312
3.63991
6.514777
7.134423
1.307993
0.2293185
0.3595158
2.325709
1.000454
0.2709076
4.486025
3.742593
5.401006
6.410319
5.881727
6.167649
2.961294
0.3920042
1.558479
1.830031
3.633721
6.800843
0.5016346
6.455602
6.938611
3.141742
2.806953
1.687428
6.933654
4.850689
0.8529121
3.248441
6.937996
1.830212
6.337426
4.37534
0.2217331
4.740758
1.53176
3.246965
1.809542
6.908829
0.6006063
0.6733125
4.424007
5.731246
7.449087
2.308901
5.369406
1.395164
1.737415
2.452138
0.3357271
5.964275
0.9951679
7.073462
4.503664
0.2817559
5.847048
2.236054
6.202978
2.877178
5.65128
5.149153
4.590021
4.220551
0.421374
5.263637
6.717118
4.490586
6.86909
2.224258
2.412854
6.915538
5.687168
5.991687
1.48732
4.342272
0.9031552
3.04273
4.36621
2.252531
1.711257
4.060723
3.105516
3.503601
4.277845
0.2769456
2.16544
2.650082
2.179676
3.596771
7.499721
6.219923
1.179945
6.382251
6.420264
7.375021
5.027094
5.955509
4.576379
1.937306
4.284827
2.331919
5.540431
0.08374741
5.402409
0.3019974
0.6156478
5.361553
3.024277
6.064156
6.427573
2.546466
4.16559
1.660695
5.247706
6.154061
4.442507
4.204185
4.92333
0.4765566
7.281674
1.415455
2.526553
1.504149
6.418747
5.103171
4.710755
2.341296
7.169425
6.004978
1.435993
1.168171
3.65087
4.609196
3.380876
5.760555
6.168826
6.446012
7.396571
4.583128
4.775652
2.330143
2.840924
1.113317
5.777406
5.28917
6.103494
0.9271083
1.799198
4.303449
2.021768
7.010459
4.846119
2.305634
6.261794
0.6992566
6.425221
1.835191
5.600934
2.335226
5.514236
6.471371
2.137431
1.83982
4.113786
5.388869
4.891895
1.004544
7.677544
4.796255
1.692518
0.8017832
3.711261
5.984969
7.556512
2.198836
6.319343
5.935925
4.838693
6.839173
1.339404
5.180426
6.286032
0.9809585
3.815489
0.5278315
1.704381
0.9113422
2.685721
4.68588
1.737243
7.408029
4.889895
0.06594625
2.858634
6.094804
2.924641
6.935547
1.691991
6.604572
7.194869
3.473211
0.6570109
5.290079
3.062462
5.788797
4.20259
0.293846
3.354641
1.543732
2.000631
5.199916
5.343052
0.7763676
0.4601957
5.700668
5.711076
6.069063
6.838773
0.2465573
4.796007
5.140015
6.888637
1.22006
4.704036
3.248319
0.09242961
0.6432109
1.790947
5.291789
1.29276
1.56928
6.662524
2.293099
4.218083
0.4559784
1.428569
2.218072
1.609903
4.25829
5.292872
7.004818
6.672701
1.442012
7.615157
5.604663
7.256518
6.829919
0.4920489
1.875268
0.4310681
2.178041
1.189562
0.03922875
4.114061
0.05015088
0.1434238
4.202148
4.744005
6.259413
1.874261
2.558925
6.835571
2.350182
7.584383
6.325787
1.41809
6.769496
3.202676
2.223364
7.471406
1.457475
7.409393
6.088867
1.502416
5.165909
2.753033
3.161242
3.550224
3.024361
7.67036
2.05318
0.190515
4.744256
4.240262
3.6563
3.714125
5.327695
4.875359
3.612133
5.368459
0.7243507
6.545766
2.865417
0.9804592
0.3342695
3.289956
6.147756
2.6008
0.3766703
0.7109841
0.05120106
1.009209
2.079837
2.597133
5.61808
2.24286
2.033123
3.033939
2.326772
0.05873935
3.223438
6.108998
3.263599
6.835688
2.140993
3.850092
7.479318
3.898233
4.386758
6.587568
4.140336
4.685662
6.211379
6.75349
4.386134
4.707189
2.928915
7.20396
0.700477
7.028732
6.998375
3.475606
6.463727
3.530723
6.705618
4.238878
3.901444
2.186892
4.420706
3.62
0.1436143
3.425037
6.976457
7.273214
2.64398
0.6847212
3.466226
3.548126
0.6240167
4.635847
5.564306
3.059223
4.89462
1.663781
6.914969
6.875363
5.181437
4.454177
1.158323
7.231537
1.112104
2.105279
1.586472
0.868571
0.0431991
0.6610868
5.587721
5.470102
3.885049
6.568578
6.02966
6.910407
0.6906202
2.427095
5.887589
5.057958
1.864555
2.335606
4.460769
1.496838
6.908717
4.579996
0.4249132
4.727179
6.61926
0.8985757
3.871606
7.601214
6.771821
2.163869
1.975661
7.107534
2.06649
1.980336
4.488135
3.964511
3.595412
2.580609
6.00232
3.688554
1.655971
1.050373
1.953084
3.651996
3.495107
2.567935
5.092373
2.802087
4.744961
1.78204
6.928312
7.256125
7.00125
2.779711
2.182941
3.078414
1.506335
3.645879
1.965957
0.1683196
7.628009
2.807984
6.348574
5.777145
3.791517
6.942773
4.205719
4.683314
2.176262
0.8933238
4.583977
1.942236
6.61803
5.095613
3.911017
6.980428
1.97056
5.513309
3.614499
5.216793
4.258345
7.227426
6.046351
1.419094
1.094501
4.555798
5.326252
3.205379
2.546105
4.695893
6.751213
5.736646
6.453896
4.669627
4.251642
1.520341
1.955878
6.436535
4.666166
6.183201
3.698681
6.597221
3.250644
0.3663467
6.549394
1.630246
1.208325
5.604054
6.67926
7.120568
6.024538
7.315266
4.174661
4.62238
4.334517
7.5737
0.738173
4.883282
3.419314
5.945687
3.750982
4.216728
6.234553
1.094511
5.681574
0.5657726
1.612484
3.905755
4.394265
2.285457
4.568568
6.093608
7.267843
7.022601
0.4680825
7.10412
7.022602
5.899793
1.479086
4.723912
1.587449
4.479832
4.259458
6.891012
0.2379326
4.913545
0.4064108
4.054641
0.3134897
7.378968
2.756258
6.393159
3.484816
1.044658
3.750809
4.63639
1.677824
3.786762
3.946264
5.542915
4.721244
1.125727
4.379485
6.136124
3.986606
1.362093
3.540906
5.08984
1.469452
5.596356
4.612196
4.24272
4.349237
4.642541
6.951623
7.365373
5.156273
6.390422
7.169812
0.001457441
2.518468
4.130719
4.591422
4.025798
4.316406
2.992074
0.4026425
3.476582
5.202115
6.506681
5.035641
6.276884
4.509121
5.454807
2.470808
5.292924
5.530713
0.3388356
1.340265
3.629397
7.295511
1.684116
6.107868
7.36621
4.824456
2.723711
3.225969
2.881088
3.423143
0.2351883
6.949089
4.261403
6.661991
1.204511
5.855419
7.323301
0.102315
1.204304
1.154107
5.405248
3.202145
0.481631
0.1278494
2.943648
1.372144
5.498819
1.871705
7.145221
3.16186
4.096419
1.701043
2.479836
0.7478491
3.396159
2.528143
3.728338
6.860784
2.321168
4.292231
2.886244
7.393539
0.063101
6.554718
5.395886
6.440586
1.79144
0.4847364
5.040007
3.095225
4.441953
6.266292
5.101764
7.393989
6.861764
1.157619
1.02713
4.531561
1.627585
3.277827
5.364984
1.086241
2.184229
1.598279
4.608258
1.445255
5.999941
6.754428
0.2016781
5.878467
2.285273
2.253186
4.036896
2.730815
0.8700443
3.632993
5.664882
6.749173
1.434719
3.582764
0.2606992
7.189789
2.262396
2.595206
4.309254
6.379941
5.056058
0.728861
5.858527
1.744708
5.684947
3.795606
3.067021
4.268242
6.186129
2.258267
6.644754
5.117789
5.917084
3.49338
5.363615
3.225319
3.418559
0.5293785
7.518976
7.648603
2.654592
6.622552
6.84481
5.495507
3.285009
2.027336
0.008010261
2.632376
3.785203
4.466168
6.779501
4.985072
5.295457
5.474157
0.7149764
6.462199
6.614743
6.901188
1.12743
4.956984
5.487155
4.197526
5.448483
5.230511
6.584362
5.937495
3.629188
4.757799
4.334186
0.6797438
5.658195
6.590021
2.216461
6.263874
0.08298188
0.04661399
0.3841364
6.901157
1.192175
6.702387
7.223897
6.038655
2.196637
5.105736
4.655602
1.451574
0.05793149
4.547917
0.3977427
2.758
5.328443
0.6859785
4.758599
4.381623
6.887153
0.338309
7.424779
1.15902
7.544543
4.676364
6.886043
1.418088
7.452746
1.46684
5.758263
6.535256
6.059545
5.590044
0.7267354
5.751137
5.168619
1.201727
5.352655
1.295458
4.10441
0.2804659
4.356865
1.896479
4.689813
5.372742
2.437147
5.436599
4.602131
3.813739
3.108105
7.401995
0.9414047
2.682136
4.882763
0.793108
4.813115
3.701577
2.902006
4.553906
2.936155
0.7364507
6.752313
1.52158
0.8790121
5.661108
7.686282
0.9792773
7.033849
1.367655
6.340572
6.746855
6.722311
7.593148
3.754934
5.722647
6.245609
1.079732
4.179957
1.631988
6.673728
0.7291815
6.489179
1.015265
3.172102
0.713954
0.1216598
5.646456
6.821279
2.512459
4.89389
0.6210434
1.969974
7.332726
2.542196
5.035539
5.245719
5.276298
0.9996016
1.091896
5.741109
0.3701525
0.6415726
6.138632
4.880378
3.809265
5.79328
1.48683
3.024245
7.138729
2.727941
2.761138
3.694734
4.576551
5.529004
0.9368989
6.559244
7.554483
1.778822
5.192751
1.303405
4.901208
7.569123
7.076305
4.94082
7.172492
4.883567
4.105042
0.3051914
3.145541
5.728998
1.503131
3.284497
3.464131
3.809438
0.8316105
4.439279
0.795588
4.113231
1.788785
3.318332
6.090703
0.377382
4.84039
5.933041
4.782859
0.7222251
3.522673
4.314138
3.723163
0.8126204
4.909361
2.416834
1.190154
0.8216173
1.980536
1.596465
6.860623
3.763319
3.107038
2.744941
6.538423
5.406735
7.088168
1.220595
2.791119
1.990083
3.939863
4.009828
1.925931
0.8924237
3.356801
4.103399
5.778168
3.121906
4.982905
7.644173
2.189062
1.314841
2.583049
1.14923
6.368705
3.893929
7.29059
6.602146
2.562491
2.819776
7.429362
3.367887
0.3713235
5.041396
7.453265
7.513395
0.4109659
3.709784
4.989426
4.047764
1.532376
2.422196
4.998
4.242909
0.6567671
4.937763
0.1847659
4.15661
3.970259
6.90134
4.380304
2.04392
3.395888
0.3192503
4.75302
0.3035109
6.371345
3.708726
5.838972
4.411426
5.397387
0.8276984
6.389729
3.75678
5.398392
7.4943
5.110096
0.01864057
1.688045
7.536343
4.834012
3.549609
2.294987
7.013749
6.647844
4.451407
6.431302
7.635795
4.490902
2.059504
5.708187
0.4877836
5.461186
1.881214
7.292586
2.536051
7.536963
5.347296
6.372352
4.966604
6.324895
2.902268
6.757706
4.417504
0.2781633
3.947662
4.80663
2.339162
5.496292
5.933721
7.125242
1.519453
6.201763
0.9595368
2.01491
1.378052
7.297242
4.619081
0.3221647
5.054866
5.238725
6.243143
0.457151
3.655187
3.265783
6.053303
7.059808
3.014338
3.30712
5.330082
1.553018
4.316035
4.510783
0.7721246
6.573649
1.255088
1.772562
0.6823575
6.640558
3.194803
6.945863
2.565783
1.598071
6.972064
7.1859
5.715976
3.992462
1.30007
2.58921
2.417283
3.052665
3.640152
5.131482
4.254595
5.543929
7.176837
4.42492
4.479855
5.368266
5.935981
1.696799
7.172082
5.76546
0.4413075
1.078429
4.283181
2.03376
0.6825636
7.35819
0.03902482
7.095221
0.9483338
4.188912
3.383939
5.642803
0.2462719
2.44795
1.531747
6.805022
2.607613
6.676509
4.017839
3.998611
6.783938
6.891766
7.070232
6.328464
3.987234
3.06662
2.433166
4.950437
2.724745
1.068323
1.69981
2.306862
3.605317
1.19582
5.56912
6.362437
6.791586
0.4189052
4.17929
6.668893
3.401465
7.036895
3.639148
6.38305
3.627201
6.780065
0.956184
6.547838
4.256535
3.526287
2.864261
3.475097
5.202536
3.523433
6.141791
4.41758
4.500246
0.2951679
0.7874222
2.273659
2.093227
7.363659
7.630047
6.428511
0.9027291
3.274326
2.696552
5.724935
6.39379
3.322486
2.26226
0.5235054
4.716255
5.539965
3.085367
7.203041
5.659861
0.1694905
3.827341
1.621819
7.417144
3.327519
3.396086
7.111003
6.475067
0.9331372
1.237378
3.209516
1.499941
3.402294
4.966221
7.005449
7.652358
4.336316
5.025213
6.079958
0.1218061
0.2678633
2.988383
1.537359
6.460824
3.559177
7.032069
6.416938
2.866239
7.372923
4.929465
3.819591
0.5231843
6.084274
2.609383
2.872529
7.032774
7.571749
3.426359
2.706205
5.549303
6.452769
7.361465
3.904446
1.346926
5.015367
0.4226325
5.943955
4.116891
6.9833
4.321737
1.349799
4.217276
7.304321
3.692265
6.678153
0.8062726
0.4769211
1.607907
2.899279
7.468213
6.216122
2.541688
4.798352
4.91262
2.327237
1.399609
3.768802
5.206005
5.719097
3.88157
5.952804
4.977788
3.841538
3.674622
1.28985
1.031922
6.40011
2.073134
4.42496
6.246367
6.94533
3.734869
7.42535
1.48889
7.404182
3.234379
3.754405
4.76735
0.8117899
3.897564
4.107935
7.604987
5.861157
5.182507
3.975866
5.357357
4.331387
1.204816
4.646009
5.618916
3.151481
2.627541
0.7189647
2.166491
1.539067
4.723593
7.352189
6.435282
1.339467
6.171498
1.458326
7.017869
7.037868
6.215391
0.6712897
1.141979
4.935854
7.676143
7.313078
5.065798
0.7436915
2.699758
1.234888
1.134416
1.252553
1.60341
6.808245
7.642331
6.019518
0.5558018
2.789369
3.458941
2.420638
3.562348
4.761622
6.545387
4.634336
7.648679
3.132408
6.003934
2.978059
0.4904408
0.3078312
0.8235003
3.693283
6.29893
2.255865
2.092022
6.952113
1.644798
1.953043
2.777788
2.654905
2.100517
4.185974
6.058963
2.716033
4.690226
0.9835239
1.07045
2.317065
5.238061
3.210825
2.435286
1.946959
7.327871
5.292322
3.528298
5.463545
6.906845
2.668007
1.599553
5.461359
2.2622
6.722114
3.629882
1.022383
6.194127
3.12073
4.975755
4.980942
6.776854
3.326234
5.990725
6.73595
2.306618
3.876727
2.800466
4.482999
6.271847
2.941558
7.605866
2.528341
4.867638
3.109773
4.770872
0.9324699
6.204044
1.02283
6.55192
3.627957
3.469338
1.311698
0.6287962
2.225101
4.792851
1.827584
0.9698916
6.776685
1.854235
0.7776249
0.1944171
2.366959
3.915834
2.115053
5.24538
3.372295
4.162835
4.081514
2.35235
7.461607
2.785504
0.2786642
5.692867
4.858071
4.229145
0.9532007
3.098939
3.939277
1.898519
7.187587
2.267776
5.904783
2.145896
3.700504
7.133508
7.459854
5.550623
3.691231
3.57967
6.356402
7.23353
7.126426
2.604918
0.3019216
0.8682558
3.53948
0.7495045
5.130335
1.486638
1.956093
2.748581
6.43624
7.388393
2.329024
3.215598
6.479706
2.07396
4.8086
2.670318
6.852378
4.834093
6.537367
1.236697
5.65268
6.499123
0.1034138
5.614951
6.711235
6.801878
6.077972
5.407173
4.8276
5.119557
3.858461
6.457955
7.135857
0.1797221
2.783283
7.361438
6.776522
1.502405
1.668231
0.4283598
7.615813
7.584157
4.841356
6.73661
2.812904
4.452502
5.642495
7.623789
0.9831619
3.963686
0.266912
2.016635
1.358986
3.13125
4.591948
6.196757
1.581547
6.862918
0.335009
0.08853922
1.38358
3.274867
7.547053
1.67401
7.349072
0.3161381
0.1795212
1.437524
5.011661
7.615
0.4891863
2.744674
3.286319
2.224013
1.625341
1.329977
3.586625
6.842648
2.147669
0.4096686
2.304323
2.831628
2.998633
1.329156
2.764693
6.016908
1.09267
5.749308
6.221333
0.6545255
1.910125
5.008812
3.169438
3.046299
2.491594
6.548527
1.487703
1.454061
2.514919
6.067845
3.542216
4.305592
3.162358
6.020163
7.02082
5.36473
3.635123
0.3807695
3.4176
2.795812
4.190439
3.521998
1.525086
3.241584
5.905782
1.690686
3.974518
7.071092
4.108805
0.4352506
2.38413
4.677373
2.281528
4.663013
7.644954
7.090733
0.795579
0.2951438
1.131123
6.748227
3.44188
7.444264
1.118535
6.933631
4.637231
4.731405
6.056883
3.209744
5.796568
0.971726
5.497975
4.360083
3.488642
6.743283
1.577444
6.436455
3.663262
0.7993371
0.8545982
3.783608
0.9713952
7.321348
6.727998
1.365396
5.442015
5.967666
3.821552
6.946608
3.23575
3.297771
6.329487
0.3093422
7.436434
0.2571605
2.54741
7.532006
4.343915
0.3150522
5.210792
2.660354
5.151121
6.157974
3.948439
4.280087
1.56503
5.144074
2.996152
4.059272
4.351367
3.075914
6.870085
2.152291
1.751934
4.394282
6.261397
6.204395
5.950858
2.137634
4.060235
5.791811
4.461868
0.7050819
1.122585
4.835567
0.8408402
6.874223
6.015159
3.301384
2.341837
5.553979
5.192321
0.4859845
5.883228
3.25233
6.190195
7.399241
0.8471989
4.375248
7.142567
4.019654
4.094054
3.017852
7.350463
6.59257
3.477654
2.691453
4.428155
2.269006
2.639233
3.19982
6.087625
0.3428068
5.084018
4.698751
1.71247
6.49722
0.3477716
6.682023
7.187092
3.886007
5.27633
1.712233
3.963259
6.145663
4.147863
4.324739
3.607496
2.840066
3.015337
0.2410569
3.068169
6.116487
3.956812
4.67466
7.126319
5.52572
3.263862
3.233929
7.05243
1.708294
2.922556
3.832547
0.750478
6.072115
1.631631
6.35085
4.069981
6.829682
0.9044371
4.027056
3.166724
5.389431
6.783487
1.916959
6.278326
7.345396
3.216365
1.406039
4.477161
1.823011
4.303252
7.300268
0.1588683
3.19314
5.272633
5.593136
4.471984
0.6662549
4.996915
7.609161
1.451332
0.6263334
1.782741
0.3833765
2.120142
6.047719
4.061983
1.201266
3.71239
1.312868
1.613992
0.9671712
3.56152
3.534652
7.29076
2.640468
0.7450401
1.154875
0.3570266
4.189781
4.952463
6.876779
3.886184
3.744376
0.2484279
0.976305
0.6551714
3.214439
3.78175
7.221439
2.037775
1.208747
7.693284
1.309475
7.272897
7.1837
5.095939
2.079152
4.753938
0.09416178
5.951795
0.9393112
4.071469
3.494767
4.43999
1.304003
4.619509
4.077782
1.842523
3.044678
2.663997
7.382253
5.358842
7.021412
1.585652
0.5351633
7.571936
7.441337
5.260866
0.6902757
3.14102
7.425541
0.2389913
6.093114
3.119686
5.298003
0.1175935
2.396201
4.151761
5.612872
2.428998
3.424128
0.66559
3.56089
0.300341
1.87755
4.942677
4.197345
1.874635
6.927555
6.528517
1.930366
5.95926
1.001125
3.768782
4.06859
1.731741
6.17562
3.670793
1.263545
4.69022
1.823438
0.04908094
6.117561
1.141236
0.5381514
5.842364
0.7278266
5.65481
7.373665
1.170975
3.927364
3.429338
5.121508
2.653587
7.062911
2.178709
3.433271
1.728593
2.580191
4.487882
1.211174
0.9791865
4.297926
3.147304
0.9500722
4.69685
3.949443
7.213645
5.446137
5.143807
1.901027
6.053526
4.098996
7.123306
7.21849
6.620971
5.561517
0.1388028
4.947125
1.902307
6.559934
2.306172
3.699376
1.946503
6.705604
5.332124
2.670675
4.586466
0.05432413
7.563979
3.19932
0.6316519
7.259772
2.040535
5.131255
6.069426
2.058614
4.456351
1.813606
6.726226
4.023956
2.557639
1.874535
3.683592
2.218842
4.870145
0.5967255
1.440526
0.5168194
6.706002
2.668191
0.2631205
6.264057
1.86358
4.763246
3.021463
5.143435
7.456853
4.243458
4.979268
5.479176
3.76681
4.83731
4.892493
3.061009
3.811651
7.641119
3.489777
1.799345
5.797931
4.500886
6.308535
0.7821584
2.928968
6.308662
5.498893
0.104627
0.1324823
6.252385
4.511157
6.161069
2.611588
2.46442
6.991366
3.27245
3.091961
0.9283414
1.039753
2.519024
3.77874
4.002145
4.707334
3.876846
3.08601
3.060232
2.510346
7.386324
1.256922
0.6546904
3.865691
0.9932628
0.041
1.340184
5.599385
2.686892
1.011536
5.906906
3.757358
0.7797313
5.73383
7.561515
5.864995
0.4190073
3.887099
6.090713
7.120058
3.285125
6.957779
2.274519
5.166111
5.068381
2.86789
7.55778
6.86194
1.642458
4.436877
6.626996
5.55443
2.406716
4.245301
7.504491
0.5103371
5.426642
0.528531
4.170439
6.826561
2.007162
5.223076
0.8924467
0.9343769
3.172688
3.422065
2.439405
4.95526
1.780803
6.541407
7.361895
2.187979
1.865887
7.407229
6.561516
6.89098
0.6542217
0.02925698
3.653687
3.175662
2.470769
1.794837
1.534058
4.325898
1.881842
1.438607
7.013598
3.159706
1.868873
7.325499
1.957713
1.477531
0.2275272
6.309679
2.147646
6.476742
7.551911
2.532599
2.452482
5.839196
6.268162
0.07828346
5.903922
1.046326
4.743087
5.734426
6.717744
6.467172
1.670654
0.964691
5.731924
1.241561
6.598407
6.33512
1.112915
2.763611
2.721127
7.591124
6.408041
5.308003
6.757892
5.768913
5.183569
3.088037
2.137477
1.045516
3.828406
2.544776
2.678719
3.836403
6.7318
6.733037
4.759481
4.778568
0.716443
1.624201
0.09934505
6.607194
2.702111
5.084261
4.459413
1.91658
3.395484
3.268981
5.62425
1.933546
5.62481
4.433375
4.742345
0.2359208
7.296514
6.445677
4.308575
5.131441
0.02921062
6.840708
6.325734
6.048832
5.470687
5.679061
3.063608
0.526744
5.252836
2.662232
5.179387
4.624059
6.396963
6.063457
6.859877
5.427214
3.554815
4.669712
2.849221
3.4685
4.899199
1.739904
5.804401
4.531088
4.914108
7.483552
0.4130175
1.055084
1.045722
6.226158
5.48361
0.6124317
4.744101
4.240019
3.500793
5.099086
7.001431
7.526293
2.183483
0.3004465
5.94725
6.643884
5.243791
4.6965
6.859445
1.380493
2.304925
0.4955539
7.413558
5.793218
3.325679
2.338406
0.356312
6.163411
5.070722
5.910166
5.976471
6.870107
3.344024
4.820598
3.102618
6.046522
1.206856
0.9702365
5.645088
4.722337
3.937282
5.998662
6.668055
3.494564
2.972609
5.083237
0.6082262
4.897479
1.534877
0.1280952
0.1876852
2.602309
1.23628
4.876271
3.761332
4.48109
4.972278
4.26582
6.38496
3.457085
0.4909439
4.410314
3.300703
5.131507
0.3003603
4.906247
4.472632
1.879805
4.026614
1.121616
3.52744
4.133406
3.8116
2.856662
6.060333
5.067827
2.427382
2.392086
6.558163
6.131936
0.6702529
4.013805
4.379846
2.791676
6.206354
5.280335
4.021675
3.477198
7.444383
1.538825
6.596112
5.827801
5.283254
3.211284
5.158387
5.901276
1.79411
2.898127
4.548281
0.3690662
3.775389
6.951047
3.026004
7.420157
3.732632
7.250104
6.121208
0.9841096
3.515141
2.435525
1.442394
4.497605
4.984401
1.618157
7.385029
2.030166
6.293804
0.755132
0.3722222
4.057355
1.72608
5.495127
3.714228
5.606261
2.608916
3.363532
1.469832
5.113526
0.6290033
1.327398
2.367678
4.440401
3.182318
4.888436
0.5598419
5.413986
2.977367
1.575386
2.102269
6.603652
5.941757
4.693135
5.48851
7.009033
5.825943
5.837893
1.698844
6.185621
3.477605
1.884089
3.411969
3.542224
3.598113
4.258851
7.046558
3.702854
5.361066
4.307839
3.603214
2.327659
3.170502
3.280482
6.836775
0.7008381
3.409509
5.760951
5.671094
3.854876
5.478544
0.6849568
0.596909
4.886078
0.3300533
0.5607772
0.6568536
1.874069
3.473401
5.6533
3.327042
3.153685
3.797708
0.8402662
0.4668503
7.201109
6.209939
5.056542
2.871269
2.210635
6.926076
3.909059
2.026657
4.875206
3.111105
0.4049214
4.697602
5.788236
0.1637208
0.2481967
7.484006
3.118106
6.409043
2.060185
5.315275
7.036114
1.867349
7.094779
3.835392
4.130875
7.596438
6.960595
1.171929
6.498313
0.343941
7.561259
3.445592
2.305095
5.649867
3.700899
7.496962
0.8321356
6.843798
4.028672
3.550681
0.3544255
1.077871
6.106445
0.2596383
6.21789
6.888592
4.83141
4.698095
1.47766
2.455562
2.403476
2.064859
1.660822
1.321047
2.279951
2.104478
0.1042957
3.67209
1.2191
0.435048
0.391314
3.814942
4.516509
4.366519
7.661039
2.606049
4.627455
5.636761
0.6047484
0.6258016
2.142692
4.42637
0.7911658
5.635477
6.285885
7.060977
2.07859
5.581531
3.970426
0.164533
4.706306
5.115102
1.678789
6.823331
5.894911
5.623129
3.049399
0.5381298
5.585842
5.080794
5.141927
0.3015982
0.09601902
3.040623
7.087075
7.391728
4.387789
6.835996
3.781909
2.07079
5.591588
6.268166
5.385467
0.0486432
6.440007
5.958689
2.22575
0.8637773
6.07735
7.134434
3.929628
2.071564
3.133396
3.664984
3.149776
2.711938
5.930905
3.728481
7.33063
7.48025
1.063121
1.538626
5.229769
0.7263232
6.414412
4.601486
7.690392
6.449
4.963525
6.073543
2.03571
5.007155
4.481291
3.418939
5.895014
4.724704
1.295126
4.683767
1.882389
7.000444
3.089909
4.945431
3.548619
4.885201
6.146607
2.652576
2.338083
6.990831
2.62106
4.564054
3.427774
2.685421
5.807512
5.841834
4.308587
6.415222
0.8129343
6.597357
7.057492
2.144667
0.03380619
1.262148
2.828133
1.930855
7.308415
3.90557
5.446248
5.889348
5.190718
0.3323435
3.654846
4.276709
1.327932
7.266519
2.192085
3.703371
1.26812
3.145366
7.188438
3.864921
7.668525
2.281362
5.854204
4.817226
2.7651
1.931422
2.860348
2.017702
4.268937
6.891338
1.068916
1.432371
7.035181
3.078016
4.552309
3.751339
4.553176
5.580611
2.690371
4.56166
5.359056
0.1231394
6.21037
6.077222
6.538802
5.429156
2.138766
6.305015
5.30665
0.5480774
5.667108
0.7298049
2.494866
6.957834
1.971274
7.351719
4.99632
5.174587
2.290796
2.04442
4.161852
7.312735
2.070477
7.624789
0.9801833
3.000802
3.741929
5.309542
2.017615
1.210935
3.247547
0.7102957
1.51146
3.255662
1.11497
4.368023
6.257395
3.822049
1.552042
2.763001
3.530648
4.635954
0.8446087
1.272518
1.931787
3.941786
4.599297
2.607716
3.490455
2.81526
2.104228
0.4187158
7.681598
7.242722
1.550509
2.634992
0.2832465
2.354883
7.316018
4.099575
3.641722
0.04668615
4.973485
5.692874
7.587385
6.292696
1.572359
2.190364
7.207426
1.734593
6.547101
3.614149
1.459004
1.591738
2.701935
1.054121
3.869701
2.572267
2.737288
4.296743
6.832962
5.352042
1.98059
2.820399
3.581616
0.4287297
3.158359
0.8583556
1.800248
5.216512
6.236106
5.430668
5.622194
3.207155
6.963505
3.840536
3.040443
2.912741
6.810059
4.798559
2.373269
6.047187
1.220893
0.9617893
5.790741
2.142429
4.269193
3.837277
3.40275
3.755639
6.790586
3.233236
1.440968
1.746801
6.134488
5.823767
1.478875
1.039801
5.667214
1.159445
2.843891
2.390115
5.805451
2.911315
4.594827
3.817384
6.905388
6.617135
2.69881
3.981607
5.689113
6.041654
7.034029
6.674277
4.438537
6.574839
2.275389
7.22438
7.579782
1.516648
3.662903
2.693483
1.096602
5.73893
5.502628
6.396066
7.176178
5.956597
3.377334
6.292925
0.2820512
0.1865676
2.740103
2.641157
4.200952
6.128197
0.03205045
1.00254
6.435569
4.725141
6.721421
0.6461241
0.5059899
0.4537437
6.216123
4.305682
6.322015
3.533798
7.44302
5.222552
6.220719
1.664069
2.364653
4.534707
1.216351
2.840666
3.773009
6.397921
0.09440902
1.963662
5.566831
7.349628
4.731842
7.103724
5.228558
6.336875
6.155184
5.119945
5.529404
1.259959
6.828709
7.145233
4.746892
0.1288439
1.688783
0.9939145
2.693101
5.547142
7.402622
4.420733
6.906388
5.859794
0.9227739
1.715116
6.642053
4.949852
2.949402
2.652957
5.788969
2.257184
3.150216
4.598468
0.8437359
5.679815
0.5993261
4.560478
2.56231
0.6442531
5.071379
2.101707
2.613189
3.856802
5.302169
6.321866
4.96806
3.902757
2.246897
5.266862
4.038873
4.448665
4.791146
3.604774
6.872521
3.574859
6.4081
1.220577
3.527771
3.039865
1.84532
6.730419
5.75572
6.14565
1.48836
5.129624
2.185297
2.671849
0.2933894
4.435514
0.2244755
0.9575224
6.616819
6.923204
6.491015
3.914893
3.949154
7.551892
0.8653852
1.69196
4.562691
3.094605
1.145772
5.949443
6.198229
1.953606
0.4633486
2.297845
7.167563
2.431454
1.662036
2.465225
6.750218
5.129383
4.703117
4.088066
1.085562
2.42519
6.156897
3.739947
5.738884
7.503403
3.044285
3.588999
5.476407
7.004287
0.5532174
3.647492
5.495664
5.81333
5.362396
6.082336
0.92106
1.817687
7.275494
7.025119
0.100851
5.19608
7.273693
2.36135
0.2388738
4.757643
0.7550835
4.468354
6.292093
1.252118
6.226862
2.558513
7.02273
6.949856
4.502177
7.369231
6.603655
2.543358
2.382892
0.6538669
6.652266
6.839154
5.46918
1.069264
7.588549
2.429658
6.752456
3.703254
2.263237
3.486407
6.071994
4.035016
6.973918
5.999075
3.873023
0.4774205
0.07483977
7.610282
5.799247
5.541097
1.874937
7.607002
6.413619
7.293211
3.468763
5.806267
4.264638
0.03701606
1.277552
0.8649609
2.551164
1.714117
3.960017
2.914494
4.587567
2.481195
3.046658
1.083794
7.35132
3.41034
3.424811
2.093363
3.99159
1.54838
7.407853
3.041896
7.017309
2.140414
6.761379
4.850642
3.664999
0.9786869
5.512233
4.089976
3.345787
5.100725
0.5558562
1.467849
0.4571907
1.361822
6.41202
3.05636
6.265436
0.9806482
4.685823
6.989362
0.4136464
6.747352
1.497048
4.144642
4.249306
1.979573
0.610196
2.023591
7.645056
3.360355
0.9776027
7.401844
1.346524
6.291318
0.2648187
2.449983
3.49693
1.815325
1.097583
6.779436
2.504444
6.838792
3.009543
3.511031
0.6381392
5.838114
7.420675
1.289629
0.1500701
2.331397
2.745355
0.7027775
1.398979
7.314674
4.230227
1.616162
6.683741
4.070256
0.02946475
4.92264
1.384941
5.59241
0.9096342
2.420923
1.853286
3.776544
2.412843
7.033418
1.691393
1.660326
1.640827
6.422072
0.1891695
2.776426
4.478937
6.916698
5.642902
5.150358
3.55839
5.383038
5.282946
2.786626
2.480794
0.06736338
1.726157
2.617998
3.672541
6.511056
0.3277944
3.845316
1.807823
1.95089
5.864246
1.463038
4.327739
3.73153
7.614926
5.976243
4.025545
3.228257
4.561037
0.01647301
7.349796
5.067646
6.471841
6.044484
1.162027
5.400531
6.738318
4.065776
0.4052803
6.288445
4.590689
7.560088
1.538435
2.764244
6.217412
5.785464
2.143449
6.905587
5.291776
2.840227
2.163315
6.240336
2.333614
5.623317
1.978623
0.9445056
5.776999
5.197984
3.771762
6.492673
5.386646
0.5194047
0.4299435
0.4966338
4.337342
4.481125
0.7389772
1.158504
0.5750841
1.79866
3.58756
7.190035
0.2113769
3.672658
6.233024
3.396979
3.071202
7.660545
6.854524
3.916236
3.968495
4.979446
4.319538
3.105618
3.781004
1.646892
1.551699
0.6553301
1.695306
6.576674
1.736038
2.359846
0.06843953
3.202151
4.061373
7.446724
6.929051
5.553583
6.159538
2.177964
7.146185
3.676514
2.277474
1.259594
4.099078
0.06345629
2.66313
5.851093
4.089696
3.157231
3.205459
6.209191
4.216052
3.488631
3.515223
2.899029
4.364656
6.786764
0.423159
3.942385
3.949881
1.34452
0.2590479
0.4035717
3.339175
4.652125
0.7280756
0.7750974
6.611585
2.438703
3.29976
2.564853
5.251232
5.391062
4.75691
1.122686
5.30936
2.73607
1.785354
3.411219
2.606731
4.597496
3.333743
0.7375071
4.590491
2.034603
3.139538
1.669377
4.060587
5.706509
4.252585
4.96748
0.5842632
1.01848
4.370583
7.616821
0.2904596
3.175162
0.7010373
2.501139
3.816184
7.684544
1.475573
2.631933
0.511772
3.007451
3.45297
4.259839
4.332711
0.9657094
7.615571
1.192611
7.605917
3.665817
0.1739334
3.43198
3.535819
5.744339
6.768543
1.313106
0.6163266
5.903204
3.560495
6.749397
6.594482
2.040237
0.2365074
0.8762902
6.338555
5.840105
6.811317
7.607896
5.302751
4.131675
6.484821
5.903423
4.301045
5.972576
0.6323438
2.23854
6.897304
1.045855
7.04154
0.7837999
4.317044
0.1171
3.634346
2.905196
4.563101
0.6717621
0.9337698
1.664719
3.96323
2.746923
0.8741606
5.089854
4.397724
6.117189
0.02300317
7.186365
3.449169
2.825144
3.51676
5.90645
5.893831
1.477558
7.662282
0.5748575
3.155396
7.139596
5.37681
3.004597
6.879612
6.401088
2.023799
4.241757
0.479051
3.448649
3.049487
0.1727659
6.204724
7.650647
5.05408
1.053895
0.599573
7.320883
2.220537
2.125083
5.48164
3.896966
6.201709
1.789435
5.402158
0.3283931
3.048124
6.109969
1.795669
6.855131
5.938841
0.9931783
4.519088
7.259928
6.652555
1.643927
2.896861
5.334013
2.264772
0.7193326
7.59327
6.389678
0.02519672
2.446453
4.309249
0.3256488
5.582093
0.7754296
1.262016
3.331199
1.07162
0.5254842
7.063603
3.963257
5.861685
0.4166961
3.427369
0.8790666
0.4188375
4.841189
2.033275
7.215011
6.700836
0.8259302
1.477234
5.965118
0.6798149
4.341943
3.09308
3.104696
5.876096
3.905214
6.106187
2.470848
6.021936
6.784676
0.7164032
4.056297
0.3189822
2.5759
6.341
6.69194
3.343775
6.494825
1.536727
6.024896
3.031474
5.930265
7.283142
2.708178
7.253752
6.604654
6.786109
4.85108
4.138161
5.000461
0.7404566
6.0166
4.509215
0.5197795
3.69407
3.719766
3.712548
5.309448
2.205296
4.870864
2.470722
6.287202
0.05068993
2.517386
7.605796
7.267341
1.951663
3.186577
4.807884
1.736537
1.971291
6.745191
6.0859
3.427164
2.977686
3.104196
5.524592
3.500774
6.401896
6.978407
7.457596
3.004616
1.115159
5.928221
6.613652
0.5379829
4.20552
6.405333
0.6996266
0.4990036
3.830461
6.874112
0.5403908
6.109321
6.520324
5.425959
6.344284
7.187098
0.377423
0.2275366
3.610535
3.930465
1.459939
6.631205
4.976325
1.710724
4.390695
5.164856
7.167336
2.101868
2.247795
2.486254
0.5283119
4.713106
4.808504
4.189168
1.495719
4.777384
6.31811
6.724262
4.473587
5.656936
3.903955
4.008925
1.978788
0.2750802
6.461388
0.9441399
2.298252
2.481406
5.927647
4.939141
6.448294
6.352509
5.820374
3.278624
0.37823
1.108188
2.777949
5.964659
3.166167
6.323427
7.382927
2.80609
5.47846
0.6050571
4.36919
6.752023
2.36854
1.744753
7.460515
0.1318335
2.001183
1.741688
2.505888
1.926242
3.535054
1.063921
2.041564
6.134185
1.742015
4.816362
5.457776
0.0520223
0.5230062
4.758137
5.786619
5.409408
1.188675
7.262076
0.5356237
2.040635
1.424744
3.966861
6.487476
6.084616
7.140529
7.039317
5.36226
6.651712
3.788213
6.934743
0.6317458
6.819577
7.604244
6.363721
2.951686
6.614849
6.365449
5.607715
4.592834
3.869065
3.35922
3.681616
6.512184
4.84233
4.764055
6.900537
4.384434
3.119779
7.20332
1.05902
5.019524
4.171301
0.746375
2.622353
6.368697
0.2802668
3.308095
7.293304
1.716336
2.651743
1.576084
4.470305
5.653203
5.564314
3.73082
1.979172
3.844692
7.519461
0.02368382
5.441343
1.498712
5.128851
3.033191
5.044087
2.46536
5.32179
4.085383
2.406808
5.862183
0.9862979
5.666953
6.933896
2.602948
4.193205
0.1315158
0.9935446
4.184766
1.638229
3.055315
2.352761
4.2694
1.161941
7.545218
5.201757
6.249815
4.578572
6.364729
3.884032
0.01110051
7.202647
1.997277
2.876896
6.016716
4.776779
6.062004
3.589959
2.577936
0.7546454
2.06155
3.105484
2.381049
3.316085
6.174547
5.072893
6.185515
2.60787
5.278373
1.485373
2.469565
7.087763
6.467782
2.73622
3.646753
7.390882
6.473491
0.7319655
6.056177
3.69169
7.625133
3.16432
6.693929
3.646371
5.34295
5.674759
5.388695
7.286898
1.521072
6.137265
4.540455
6.160054
1.169629
6.840873
5.277687
2.758134
5.955082
6.258083
4.952306
5.108541
7.635125
6.929536
2.497056
6.199608
5.181227
5.237121
0.6948133
4.134619
5.765373
5.263651
7.691376
4.078055
7.383121
1.989267
3.248534
0.2466716
1.133565
7.446888
1.66126
5.397171
5.141958
6.894703
7.285804
2.811766
2.848945
2.919594
7.271379
0.6707389
6.531569
0.526417
1.961851
3.353049
2.673742
2.221088
2.212496
6.924269
0.5017263
2.070153
5.475678
6.064296
2.086975
6.862072
1.645291
6.213163
6.273076
5.560117
0.8907057
3.290032
7.585301
0.5456496
4.100628
6.900168
5.008458
0.3198313
3.445676
0.8141141
5.895133
0.1583424
6.255871
6.503621
1.814147
4.731244
3.803777
1.99128
1.375001
7.530236
2.974096
3.344559
3.635746
0.3717736
4.748069
5.988166
6.671945
6.978958
4.600583
1.104345
1.318683
6.305561
0.1317135
4.437714
4.398631
3.13321
3.467029
6.042243
7.293239
5.0842
6.166288
7.510088
0.6216833
2.216243
5.576004
0.2095718
0.9063956
2.346592
4.607748
0.1692517
5.864433
1.866929
4.973737
6.077151
3.330609
3.959165
3.642393
3.162547
1.985372
2.339059
5.94879
3.74677
5.669873
0.5130591
2.288726
3.845186
2.932328
5.672628
7.074294
1.853441
4.553008
5.051291
2.485855
3.010652
6.621209
6.23456
5.066391
7.569843
5.028305
1.962505
4.333754
5.423377
0.3491656
7.614275
0.3820044
1.98152
4.976519
1.136363
7.154235
7.668948
1.732953
5.639675
6.283231
1.993492
6.012727
5.715811
7.491994
1.378275
0.5237048
7.636582
2.107781
4.116888
4.539635
2.044357
3.256461
4.867912
5.229456
2.611567
1.27898
5.890443
2.587729
2.765613
1.233232
2.318464
1.734886
0.9737454
1.727458
2.680466
2.264284
3.75876
1.333285
2.54012
7.20952
0.1122837
2.972716
3.375362
1.965611
1.120892
2.847121
3.902302
4.142528
7.224621
5.2553
2.886942
6.393098
0.278795
1.075199
3.282101
3.90556
5.203628
5.994676
3.013738
7.38613
2.625171
6.855437
1.213601
1.082071
0.6391491
6.362763
5.04201
4.116831
5.841548
1.461399
2.58082
0.011089
2.301942
2.507798
1.115691
3.84658
0.7713517
6.341788
0.7851305
3.037306
0.8620905
2.190397
7.011891
4.992069
7.596877
2.878982
7.07278
5.921437
7.131621
5.230917
6.528653
5.287178
0.5806977
3.646713
0.6573864
0.689327
2.102138
6.111883
0.7758484
1.428763
7.646012
0.07480191
0.8583713
3.744235
4.774435
7.058728
5.647515
1.968845
3.106869
0.07076582
4.679555
3.562951
3.593244
2.330973
0.009670838
3.330713
0.6336141
2.309949
5.161034
3.299696
0.1513354
5.174348
7.537106
2.181222
7.025298
5.037886
3.077487
3.640762
3.54021
5.62882
1.35408
3.108741
6.443952
4.181376
4.746329
5.12107
0.9102073
0.8045624
4.566858
1.80393
5.046919
7.449671
2.564943
1.86164
6.365293
3.121358
0.6069909
0.2182876
1.010739
5.76391
1.793535
7.529207
4.446307
0.6266638
2.769456
4.096219
2.462059
4.985899
2.805118
1.877436
3.480358
4.388539
0.3654116
1.089319
1.808572
3.367332
5.044046
6.285649
7.494779
7.103603
5.26882
7.587695
0.2289041
4.562612
5.823883
7.679588
5.758773
3.836489
6.289035
5.423263
4.19606
1.908217
6.814005
1.119967
6.844847
3.092987
0.6348433
4.253996
4.162186
2.259156
6.452741
1.797591
3.743643
5.143327
3.192483
3.80911
1.0526
4.517571
4.550544
3.47555
5.244647
3.797507
3.106295
3.596235
4.263365
3.607745
1.274617
1.271007
0.05781779
3.901774
7.357183
7.537032
2.824244
1.425375
2.319537
5.452817
2.709917
5.502797
2.538186
1.40991
7.1846
3.709264
4.495625
2.395505
1.06556
1.110973
4.409157
0.5847114
7.620135
1.033425
0.1157089
4.440251
5.938389
1.235736
5.406856
5.54189
1.214079
2.423747
3.453582
2.85739
6.594367
4.21468
2.113066
4.42032
4.811156
0.3636717
0.06196311
5.577251
0.579487
5.979242
5.751628
7.150351
0.4343082
5.243423
7.106642
6.621761
3.649988
0.8343719
1.531052
6.982534
2.200811
3.783785
4.710513
0.3914052
6.863899
0.8549419
0.1319972
6.236448
3.711102
0.03559742
1.069495
3.767993
0.6994101
6.379673
7.261705
6.720115
1.180864
4.597478
1.949152
2.488969
1.348848
1.449706
4.534818
7.458115
6.366127
1.092308
3.958734
0.4095425
6.581766
7.322346
0.3422113
0.3871207
2.486457
7.188279
4.242082
4.053684
0.7420356
0.5838371
6.216059
7.21245
0.3178884
1.998287
7.266108
5.302979
4.820327
7.299434
3.776189
0.2785017
5.678773
1.358243
5.264375
3.575408
4.295878
3.442465
1.391058
4.757885
6.074462
2.082153
5.176696
4.568339
7.657685
3.97448
2.40759
2.248048
3.022845
5.531315
7.298975
6.736489
6.69983
7.538246
0.5793114
2.417518
1.173129
3.356416
4.727965
2.707192
4.533759
3.49487
0.9416674
5.167067
5.869119
5.289825
4.732702
5.123082
3.770693
3.602199
4.574324
4.12727
0.9602146
7.345354
5.137301
3.833367
0.1471491
1.239229
0.6942916
2.015055
3.039586
2.7787
1.662228
3.21106
6.368619
3.304496
5.105748
5.402857
3.51965
1.167394
4.298207
3.386649
2.144984
1.848589
3.245593
6.144121
2.578047
7.020337
2.983116
1.88648
5.092827
7.644433
4.931301
4.483635
7.153782
3.481931
4.078566
1.583536
2.960796
7.617313
5.890364
1.159572
4.02476
4.099065
7.114614
0.5488996
2.533487
5.986594
5.051584
4.86607
2.709292
1.088693
2.927145
0.8582793
0.5773557
0.1478187
3.604611
6.286045
7.285253
3.237394
0.09877979
5.215728
3.806062
4.204909
3.252615
7.186556
2.346583
0.4757341
3.160543
0.2102626
0.6938927
6.611567
2.147671
4.713182
7.016762
4.487791
2.979236
0.8998418
0.4632814
0.7475096
4.189322
5.48387
4.994722
1.219879
4.696169
2.958861
3.423988
0.8131884
6.406148
0.09547504
0.8483531
3.130008
4.411515
6.226083
1.174325
5.122073
3.251848
0.01519918
7.219577
3.538076
0.7153893
6.179253
3.827075
7.080707
3.389893
6.458313
5.794686
5.510013
4.827313
2.172065
2.801584
3.821462
4.0595
2.724447
3.780708
4.469157
6.623724
5.034234
3.738211
3.101208
0.4673257
3.172756
0.5751964
5.898949
1.141064
5.22126
4.895669
5.427236
5.545282
2.788259
5.592994
1.854685
4.268963
5.851489
6.604591
3.042202
1.851161
7.277892
0.0334547
1.910178
6.67553
4.140121
3.12013
1.144862
2.167359
5.840393
1.620527
1.895737
2.885186
0.3843064
0.3084605
3.293926
6.490582
6.089337
1.12945
5.375188
7.250289
7.099014
0.6970131
1.639375
5.914016
3.979619
2.894626
1.011722
4.505235
3.504393
6.48343
4.176627
0.4113028
7.149871
4.288339
1.019555
3.996848
3.818481
6.123993
0.1597247
3.852692
2.624497
7.226207
2.631156
5.578292
1.38719
5.682535
4.242363
5.463495
6.691397
5.789379
6.300128
6.349944
2.54154
2.652334
1.932103
4.055839
5.772376
0.1363266
2.125929
7.217325
6.879625
2.298538
0.4675719
0.3469257
2.231387
5.526993
4.032731
6.954535
6.868754
3.38666
5.984297
1.923273
1.128114
4.312689
3.314083
4.312174
2.543608
7.532858
6.48647
3.387648
4.831279
3.60057
5.689302
3.974706
2.536833
6.216405
6.35823
2.132169
7.148146
0.7964299
7.450226
4.648108
4.529674
5.687758
4.702895
3.23151
6.119535
3.257748
7.300444
7.315876
3.177822
4.180209
7.418176
5.841233
7.134036
6.338411
6.04339
6.555877
3.701206
4.525193
3.392896
0.9433446
3.20598
3.722551
1.688367
7.477224
3.825929
6.060909
3.696045
3.071036
1.531991
1.085183
1.681196
1.146446
6.524631
6.967938
4.913883
3.22208
2.410253
0.4798934
3.311233
1.467315
1.963326
5.665949
0.9529851
4.087766
3.237613
1.379433
3.396217
1.884583
0.8805439
0.9791317
0.3130335
7.213613
3.87345
5.910195
1.824928
2.720688
1.811927
6.636674
5.177714
3.91314
4.380417
3.938792
2.409975
6.116802
3.410185
7.419007
7.592322
2.648741
1.623698
3.882517
6.466251
2.685755
7.138094
6.917546
0.7489172
4.852367
6.431847
2.631738
6.925229
1.409552
1.308641
1.742289
7.673408
7.667856
1.011072
5.821268
2.707751
7.634931
2.029285
5.235825
4.308192
1.293821
6.255502
0.01567978
3.873017
7.231059
2.384132
7.146887
3.386525
7.272612
5.208933
7.414494
2.85791
7.406712
1.252712
3.155167
4.113083
1.183531
1.436926
6.48018
5.441788
2.635745
5.67607
1.039094
4.742621
2.596166
2.309279
3.572111
3.157995
3.529883
7.112971
3.603962
4.234376
1.458159
1.516979
4.435824
4.662816
2.068123
1.469527
5.170034
7.675079
0.292383
5.314232
5.112216
3.861669
0.5386899
0.7081809
7.354038
1.708889
0.5265831
4.421496
1.540689
5.795783
5.844121
2.997608
5.767657
0.7672037
7.294197
3.959232
3.979068
3.721933
6.319976
1.585199
4.318524
1.64226
1.765341
3.370037
1.871754
3.49967
5.742806
6.455805
4.034797
0.08935073
5.728088
0.783427
1.910431
6.044731
7.358121
1.448638
5.42293
5.459009
6.749488
6.261849
3.604621
3.894782
3.199463
5.309505
5.227738
5.641369
6.338446
6.165521
6.293847
4.12359
4.855789
0.2293626
5.028745
5.189479
1.370765
3.631486
5.320064
5.195371
4.54644
3.476831
1.093233
5.799204
3.353399
3.710078
1.56995
2.399756
2.658775
5.216562
1.444792
7.522271
1.571513
2.968143
3.761223
1.931549
4.380941
3.558554
4.905819
4.012624
5.353128
1.408654
5.330065
0.6299703
3.268061
5.885209
1.488225
0.5780059
3.496522
3.857166
2.463166
4.720344
0.4610066
5.916386
1.86625
4.596919
3.334567
6.715195
4.673065
3.345214
4.719736
6.447799
3.160878
1.914732
1.125632
6.047751
7.506783
3.5024
4.353445
7.335623
0.9851115
6.118742
1.197153
5.054432
4.6153
1.325867
0.4039138
1.324653
5.323666
4.364771
0.5547496
3.95338
7.627021
3.069741
1.988688
4.7232
6.295713
0.7061497
6.877725
6.421398
5.398438
6.153127
5.399346
7.630574
7.622961
4.509535
1.132353
4.389865
3.477101
5.738965
1.520396
2.797007
0.8250811
2.041728
5.015937
0.02820611
0.2787139
0.9089766
4.386633
4.924644
2.840016
3.475751
0.8177111
2.277756
5.482376
6.115326
3.461754
7.642694
0.3038212
6.883762
6.813014
5.404271
6.683308
3.552828
4.197083
6.435991
5.35366
2.241803
3.246558
3.371195
0.4988089
5.117381
1.763957
7.437915
6.057884
1.754677
2.703728
4.872553
2.247236
7.208775
0.2304681
6.087117
6.532988
5.389471
3.425114
6.819776
0.7481997
1.021858
5.010088
1.547884
5.276465
7.111336
6.231252
1.048412
5.388583
2.624801
5.016817
4.841312
2.184814
1.471955
6.77966
6.298078
2.118482
1.609598
1.035827
1.858467
2.985542
5.169297
4.177509
7.240061
6.49917
0.8371227
4.428505
2.870857
4.077614
4.808993
1.189891
2.797849
6.84913
3.84671
5.288116
3.231128
6.944691
3.392834
3.985491
2.370084
2.073935
7.524124
4.319215
3.709313
3.214808
4.79882
6.911403
1.794978
0.855732
2.708097
2.483913
7.207773
0.4786526
5.903917
7.57823
6.07388
2.447631
4.268502
2.494999
6.046978
7.565181
1.356379
3.394105
3.643876
4.825529
4.016789
6.331786
2.376399
3.541238
7.263061
0.116439
0.2080927
5.398076
3.762879
2.264888
7.614831
0.2171435
0.6025875
6.602819
2.886004
5.467605
4.124496
0.8470007
5.766839
3.458787
6.58762
0.6547569
2.765801
7.261011
1.397049
5.442616
0.232719
1.570116
2.25392
1.582945
1.578119
3.863184
4.444315
0.6039762
6.393516
2.320601
7.184785
6.088425
2.771376
7.22639
6.5674
4.300466
1.092735
4.258517
5.169337
6.369997
3.190891
0.02458962
4.081757
7.563134
2.745822
3.547285
3.335223
5.634121
6.696146
3.806143
6.804984
0.1535488
6.425833
0.5071484
1.452069
2.280749
2.60706
5.93304
3.94745
6.117672
5.732873
5.175427
1.143804
3.954723
4.44122
3.397789
3.811569
4.455646
4.897711
0.5311262
1.044292
4.636826
0.5951313
3.016519
4.913775
4.085123
4.186279
4.633919
6.680359
5.079122
4.730846
1.179096
2.558795
7.577088
1.303151
0.133974
2.097701
2.569644
0.8998944
5.637999
6.60042
6.8171
6.786326
0.9430282
6.40936
5.058353
2.863974
6.407167
0.3180732
1.885075
1.683881
6.840012
4.702253
0.28119
5.732648
2.94289
1.885573
7.347606
2.396481
5.062943
6.424509
0.9493313
3.960791
1.308973
0.5707441
4.132939
2.685134
0.6076846
3.630295
3.948799
2.063317
1.808081
4.344836
7.052036
1.148783
1.712726
0.3860066
5.557343
2.705707
0.9069956
3.247178
4.239297
5.372034
7.5336
5.721489
1.930077
2.659504
2.652698
6.815334
5.265849
0.912853
2.937309
1.504166
1.15739
0.641188
7.395872
7.680334
4.72848
2.877172
7.001048
5.793357
2.811174
2.892178
6.752285
0.8069561
5.919972
6.079097
4.522788
6.311911
1.271415
4.363016
1.944579
0.2733896
3.625016
1.519562
1.848524
2.918643
5.948934
4.425942
6.591049
1.459106
3.638044
7.62964
2.770035
0.9531223
1.334393
2.924714
3.131779
3.452046
6.443016
2.163333
1.604081
2.913224
4.172629
1.20592
5.531908
0.1560197
1.381116
2.816531
4.748487
4.505806
0.5936308
4.233244
1.691322
3.458515
0.5018677
2.755361
3.861306
5.953099
6.800711
4.479252
4.946504
5.254239
3.820424
2.117474
4.129266
2.354382
1.195087
6.544672
0.262445
4.475538
5.315426
4.40972
1.997211
2.692515
5.150265
5.231332
6.061465
0.6559433
1.22977
6.052221
0.1830284
1.711952
3.098381
5.38749
4.66625
2.356198
3.526511
7.186483
2.817597
4.119312
7.200768
1.124827
3.441902
4.161412
5.66372
5.790958
2.754121
1.156853
0.07555737
5.27991
2.077636
2.440705
2.889955
3.717762
5.345667
1.25849
7.421765
5.904539
3.45727
1.915714
6.444451
4.968243
4.839233
5.450729
3.22213
2.61624
0.01090955
4.502334
3.756441
4.047223
0.1154981
3.078055
3.382906
0.4989666
4.76329
2.882541
4.098977
6.947869
3.538952
0.7466999
0.8905227
0.0359309
0.8398505
4.654268
5.416475
0.9563453
1.188365
3.790713
1.204089
7.338941
7.242705
1.720456
4.850677
3.245742
6.322794
4.586721
6.064547
1.658933
4.518111
5.028017
1.390521
1.007933
1.137085
5.50643
3.473388
1.028649
4.638583
0.6340772
3.847487
1.331828
1.27736
6.82806
5.754525
2.550924
5.713793
0.8132514
6.846857
5.213562
6.906945
3.093142
5.097235
5.280034
1.066915
5.423181
2.672738
2.549563
3.927524
2.885731
0.4482305
5.390455
7.42427
6.806723
0.9119168
1.379064
1.130112
0.7087773
1.815784
1.789059
0.3596767
0.2591731
3.981235
3.745516
2.065693
7.09166
3.002942
6.836588
7.251062
3.766127
6.04159
2.892494
6.543137
3.212834
3.817944
6.932707
6.354788
1.072059
5.815449
6.120658
2.795648
5.770646
0.9427048
1.425708
0.6644388
4.000552
2.936941
6.233878
7.016399
3.162841
3.727982
0.3514725
7.346418
5.206994
2.458167
4.227453
2.693001
3.432699
6.908222
4.371137
1.288029
3.870505
6.400811
6.166384
6.923944
0.1965806
5.583011
5.556489
6.992096
4.760103
2.4067
5.540207
0.5215412
3.922793
1.676926
0.7835335
0.5262747
2.834127
5.357012
1.10575
7.597178
3.589898
2.790311
7.604286
5.695691
5.638868
1.951873
5.144264
1.968165
1.622393
4.698476
4.545663
4.955781
4.190324
0.04244083
4.391395
5.448499
4.376044
4.428988
7.073888
7.066809
5.639764
5.795044
5.720909
2.122873
5.720756
0.3615582
0.7858168
4.031633
