2.903061
1.216214
-0.03559515
3.195698
-1.66768
0.8864867
-0.8164609
-0.3074913
-1.289262
0.1976144
3.640297
3.629517
1.426298
-2.204321
5.098841
0.866231
-2.81761
-1.633886
1.29787
1.570134
2.124897
2.568246
-1.615051
0.4198749
0.4078025
-1.566703
-0.110655
2.317918
2.815409
0.3259772
0.6872581
2.251622
-0.759229
-2.324049
2.059216
-0.2916926
-0.179504
0.1719886
-1.870504
2.910261
4.017787
-1.310383
-3.525977
0.5575399
0.3358525
0.4187524
2.858995
2.387842
2.125591
1.466631
-3.490576
-0.2673138
0.7906855
1.350645
-0.06491583
-2.279231
2.393936
2.156789
-1.743703
-1.581173
-0.241969
5.242506
4.952421
-0.01491779
3.166545
2.844199
4.350191
0.8726921
0.9777426
0.3350726
1.323493
-1.162073
-0.5237206
1.287614
0.04989411
3.990438
1.165104
-1.576324
1.022115
6.430089
3.007424
-0.5072399
1.17598
4.20423
4.048235
3.361735
1.299959
3.693271
-0.7067217
2.922657
3.339174
-0.8131295
0.4562658
1.634746
1.654814
-0.8628413
1.342939
2.055017
2.380328
2.612421
1.616859
2.56972
0.08048671
3.692807
-2.734278
-2.404809
-0.6092472
3.223933
-1.507316
1.263067
0.5909889
0.3899212
2.559737
-3.038799
-1.322758
1.978275
-0.239977
1.783683
3.037817
0.6963688
2.634505
-0.5652081
-1.24769
0.6809805
-0.9715317
1.35734
4.801363
0.9751107
-0.7559624
-1.488498
2.635179
0.9317749
2.254499
1.442273
1.059594
-1.486526
-2.910327
0.9727847
2.523464
3.488592
2.520608
-0.1805294
-0.5749267
-0.7148707
-0.09783736
1.204724
4.048978
1.136532
0.6560257
0.4264945
0.8925634
4.863656
-0.4103889
0.9499692
2.12729
0.1580256
3.965959
3.489836
4.433671
1.265016
-0.2542056
1.739151
1.445922
-3.616009
-1.414857
0.7177769
1.143164
0.1251576
0.7609913
2.149675
1.867426
2.100686
2.056013
-0.7095941
1.507658
3.226178
2.37951
1.842542
4.049598
-0.9102551
-1.728472
-0.6785164
-2.108667
-1.179494
3.714232
-0.2835035
0.8318368
2.085308
2.861539
0.9383184
2.022101
2.979453
-0.4271117
1.641862
1.488392
-0.6038929
2.620694
1.598808
2.01402
-0.5047551
1.774885
-1.35863
1.924307
-0.4776659
3.47943
0.3407892
3.834779
0.01115124
0.8314776
-1.529046
3.009718
3.839201
0.6239462
-2.532522
2.117181
-0.1508288
-1.759045
1.765944
1.005309
0.6627032
-4.033382
-2.11518
-2.582145
-0.4598423
2.090192
1.859054
2.566968
-1.87705
3.765402
-1.125503
0.2545501
0.008461555
0.9091899
2.314069
2.065992
0.9166867
1.970147
1.870399
-0.6824929
1.301577
0.7866163
-0.4412245
2.739495
0.7126575
3.852852
-1.17751
-1.171914
1.18127
-2.297522
2.091579
1.966461
-2.082213
1.134084
0.4927586
1.647507
1.263109
-1.147105
1.911927
2.196247
-2.170425
-2.393643
2.149102
4.754877
1.712591
1.300432
-0.8715613
4.265063
3.164513
0.9028733
-0.3087484
0.8326777
-2.09187
1.155573
0.5636621
3.395589
-1.377666
0.1641854
0.285556
-0.8572295
1.651206
5.035163
1.055428
-1.986458
-1.13669
-0.6352956
0.800527
-3.377641
2.819044
0.9122357
3.044341
3.200677
2.180593
2.413471
-0.1537648
1.045857
-1.010618
4.374103
-1.685725
-1.600556
0.6074934
2.278238
-0.0326594
2.79442
-1.126217
3.909552
1.370731
5.128979
-1.476801
3.482224
2.118139
-0.3299491
-3.331488
1.503548
2.788581
0.6415977
2.431496
1.417631
1.094591
-0.4617765
2.02099
2.091371
0.07193265
1.2426
-0.4084269
3.156751
2.395335
-0.5390414
1.587163
3.282677
-0.8944366
-1.525234
-0.7398953
1.162735
0.02494289
2.762912
-0.2510092
2.240106
2.950234
0.9452642
1.888513
0.2289926
2.846238
2.676198
2.451665
0.0001978188
3.132637
-0.1790494
2.553267
-2.180041
2.471643
2.58594
-3.06211
-0.2391881
0.8248764
2.296914
1.895742
0.4367107
-0.01581486
1.061106
-1.626719
2.818972
5.450786
4.429709
1.601149
2.656454
-2.764005
-1.353157
2.06415
0.2666099
0.06388749
-1.652249
2.954415
0.9992145
-3.017945
1.585279
0.05232618
0.5523267
1.714725
2.057456
-1.598781
3.236517
1.0872
-3.111383
0.4730034
3.474916
-1.918266
2.164814
2.625329
0.5205785
2.325532
-0.4173991
1.360413
0.6894876
0.5984063
-0.7318864
3.088662
-1.826038
2.881283
3.378183
1.676771
1.602537
2.381407
3.65641
1.991166
2.345256
0.37049
-0.2588939
0.7880705
-0.09901122
-1.939301
-1.35568
4.09112
4.711521
2.370613
0.9777927
-3.045375
2.071636
-0.4249486
3.509866
1.033615
-0.963249
0.6307095
1.578771
5.246623
0.9859241
0.8084529
2.925426
-0.7442222
-2.715578
3.662796
0.748012
-0.7214635
-0.9393154
1.019613
1.710132
2.680629
3.030895
1.432108
-0.1469031
0.8860025
1.586758
0.2740574
0.679745
-4.875066
0.6099842
2.939716
-2.097622
-3.511658
1.976755
0.5304541
2.073761
3.38156
2.441305
-0.9565869
3.489923
1.525547
0.362527
0.2468662
-2.001218
2.404712
-1.590622
1.843759
1.45627
3.629629
-1.981955
1.284373
1.083695
1.977315
0.1722516
1.949091
-1.787997
-0.5785881
2.641624
4.48049
-0.05003188
-2.389181
-1.456281
1.611614
1.234654
2.673527
-2.589321
-2.273268
0.1935399
2.120493
4.493578
1.921899
0.4301144
2.297783
-0.2238327
-0.5732612
4.50157
1.146539
1.917997
0.1739481
4.478504
5.677284
0.5350171
2.994875
-1.214162
-1.520497
1.491317
0.5700381
-2.759749
3.089699
0.5194093
3.545869
4.36812
2.272106
-1.782101
1.771145
0.8167642
-0.6483383
-0.2345539
-1.790993
2.362402
-1.805995
2.918287
-0.1410078
-2.639069
1.943045
0.1926918
0.4766901
1.297756
1.327682
-0.7399218
1.956584
0.1412999
0.5409844
-0.2850792
1.270543
2.963855
-1.200452
-1.661328
-0.3412111
0.2131172
2.971001
-2.22415
-3.529811
0.3980985
-1.709288
2.341604
-1.447713
-0.03507235
2.945645
0.09188454
3.432757
2.327795
-0.5028991
-3.356017
0.331383
0.694245
-2.271977
4.61865
2.940113
1.880338
3.254125
-2.392061
1.645453
-1.177696
-2.345347
2.679187
0.3282434
1.671917
4.18814
0.9108906
1.892288
-2.641084
5.127412
2.585572
1.210148
3.129005
1.612378
3.463744
-0.1039879
-0.6297637
0.8367002
-4.327789
3.183274
-1.450087
2.510287
5.361853
-4.550192
0.5734306
3.35227
1.439568
0.7128493
-0.8425859
-0.5287888
-1.725565
3.057508
0.1007998
1.20928
-0.4945802
0.6845401
0.4225849
2.034682
3.863112
-0.6157841
-0.1226859
0.3445949
0.1027022
0.1153128
3.48575
-0.4793834
-0.2194048
0.08505653
-0.04213355
5.022649
-0.5300971
1.480287
2.568268
8.172383
1.717146
1.98005
-0.6102587
-3.166666
-1.373415
-0.8377013
2.522942
0.7656552
-0.1298448
-1.154308
1.414221
-2.647793
2.162317
-0.3464063
0.9407143
1.699356
-2.929417
0.7434402
-1.837713
1.798527
0.7627748
3.072118
0.2424278
-0.5041958
1.207447
1.283064
3.349464
2.292534
-1.256721
-2.392828
0.8211566
-0.6737541
1.454383
1.379887
0.1745348
1.796736
2.58216
-0.3255013
1.9998
1.375719
1.834765
5.937219
3.200946
2.623545
-2.404864
-1.007224
4.578655
1.167386
1.907955
3.331626
-0.8414522
2.753865
2.153421
-0.6331107
4.966779
1.896484
2.99147
3.256215
4.169797
-0.1053476
0.9570283
3.44196
2.21666
1.885023
0.02619917
-1.786926
2.387877
1.466622
3.16852
3.634592
-0.02094919
0.7554543
-0.3049648
-0.3967698
1.891058
0.4684367
-2.612929
5.433198
2.099257
4.369412
-0.01924645
3.118575
1.39081
-0.2564296
1.971182
4.035745
1.05629
1.153297
0.5395978
-0.1926521
0.8314932
2.691693
2.136474
-2.561011
3.478259
0.9769574
0.2867808
-2.837536
1.539295
1.553835
0.326152
2.091704
1.195286
-0.6258457
1.157787
0.2253996
2.075948
0.7517529
2.74038
2.572017
0.267454
0.09117853
1.861147
1.510268
0.03780599
3.990934
1.509516
1.298887
1.025133
2.229256
1.900077
0.4551053
-1.501439
0.4020305
3.252294
-0.08408458
0.6720729
4.190713
0.3107794
0.7232179
-0.2290477
4.363117
0.03297758
4.048691
5.693418
-1.284927
4.089899
1.941437
0.7789836
0.4732384
2.261499
2.731178
-1.840029
3.078348
0.6946665
-0.9060252
-0.2492288
0.1655032
-0.4398275
5.625677
0.4578687
1.000239
-1.51925
-0.8870977
3.210961
3.301496
0.7927899
3.016565
1.344885
-0.4383354
-1.451209
2.80853
1.291291
-0.1998245
-1.393234
-0.5072206
2.624939
0.4069098
1.722274
-1.868114
1.118912
0.4459018
0.4494362
0.5310568
1.50437
0.5611437
2.500108
2.362336
-1.414005
6.179318
4.391138
0.4448988
1.606297
0.7538678
-2.545577
3.182539
2.738981
2.750072
-2.46252
-1.772933
4.398109
-0.6865887
3.016376
1.562727
0.2486683
2.275235
-0.2229137
2.098596
2.766313
2.960272
0.9266545
3.393578
-0.1119829
1.541158
-0.8862366
4.964658
1.217146
1.572348
2.213592
1.401234
4.151939
4.43831
-2.479169
1.914152
3.187543
2.429218
-1.369382
4.902237
-0.4915551
-0.5155193
1.695564
4.902518
0.7883894
5.638794
0.6417663
-0.4422968
1.715719
-2.498459
-3.747756
0.7213917
0.01695907
1.260195
0.2584318
4.833485
-3.012289
2.27731
-3.767805
-0.465511
0.7106858
0.9081983
2.095574
-0.2928404
1.910211
-0.424759
2.184547
0.08592147
2.723517
2.707052
-0.2144498
-0.3722744
0.7967755
3.160334
-3.18567
2.218868
3.207271
0.4916346
-0.3662234
0.3526849
3.713105
3.41054
1.42316
3.789777
-0.1633791
2.46199
1.09859
-1.25982
2.038325
4.238465
-0.2574325
-1.665249
-1.776901
4.638339
1.36736
3.320068
2.440555
1.814446
4.319495
-0.541843
-1.303114
-2.105882
4.811304
-0.3609918
-0.214756
0.3977815
-1.009872
-0.1621716
1.350774
1.1841
2.563824
0.5469999
2.666933
1.196981
2.782739
1.231538
0.08864922
-0.7345699
4.573076
3.062697
2.842365
1.99088
-2.535256
1.62251
2.590442
-1.055074
2.207401
1.760128
0.7161871
2.23818
-0.6455754
2.146274
5.081867
-3.115518
1.726685
0.1684362
1.868434
-0.3012997
2.011725
5.64524
3.055784
0.5466346
0.4187824
1.610143
0.7454036
-0.6257541
1.720661
-0.5381295
0.3216714
2.062114
3.209959
1.364159
-1.818549
4.229773
0.5912321
-0.77853
3.038783
-0.4888758
5.103867
-1.097941
0.05283049
-1.155471
0.1023696
0.4773657
2.486628
2.569297
0.7919502
0.7726557
-1.304511
-0.9629177
-0.605787
-1.663159
-1.019706
2.834537
3.62011
-0.5477237
0.1331343
1.389798
0.9914954
2.461087
-0.5785266
0.408539
4.087203
-1.375846
0.8963795
0.9003905
2.41909
2.086713
1.354293
2.290512
-1.15948
1.440373
1.563292
0.2774284
1.970367
-1.423647
-1.036921
1.057148
3.11076
-1.385075
1.159348
-2.101351
0.1055444
2.598595
0.9624871
4.53735
0.9060119
2.078816
0.4892341
1.024071
0.004225452
2.493252
1.893746
1.148481
3.97407
0.9440496
2.367078
1.478523
0.812118
1.611345
4.378524
-0.2283598
-0.5827133
-3.722015
0.7933787
-0.1917693
3.907432
3.856631
1.141065
-1.196615
3.773614
-1.667826
2.338527
-0.276761
-0.158183
-0.9028983
-4.381319
1.271759
-0.4907207
1.40837
3.68914
1.457199
1.89279
1.543121
1.530608
2.733238
-0.0393904
1.158017
-0.6850524
3.001611
0.6462395
-2.633817
1.153733
2.148825
2.371785
4.837951
0.8659336
-0.7149333
1.417024
-3.69179
0.6418401
1.479102
-2.246859
0.231679
-3.381286
-3.419704
-0.1871197
2.997712
4.131945
-1.911745
2.596083
0.4568492
0.9557938
-0.7008178
3.516974
-0.2351542
2.406933
-3.000853
1.660199
4.906885
0.8071163
6.01027
0.5828555
0.09679173
2.073614
1.248383
-0.2566316
4.13047
2.715233
0.1319482
-1.859772
-1.003385
3.072011
-1.810794
4.251657
-0.9288508
-0.6230948
-1.61604
-3.333107
-0.4335731
-3.735608
0.7324481
-1.309703
2.260857
-0.09938118
-3.307908
0.3592128
0.4907466
1.377481
3.224086
-0.9662682
-2.868071
2.098932
-4.398744
1.070784
-4.688914
-1.44885
0.3830378
-1.125002
2.178127
5.361021
-2.599273
1.10199
0.2653377
2.434288
-3.491919
0.8637092
1.138379
4.076518
1.092526
3.912135
2.825741
1.409072
2.097776
1.579901
1.363477
2.162149
3.132367
-1.432187
-1.040542
2.222526
2.733466
3.674743
0.9395139
1.907008
-0.8084826
0.8947822
-0.6390164
1.926662
3.310559
0.9269266
-0.4324101
2.566229
-2.439584
3.538988
0.01857485
4.37866
0.7617205
1.101511
2.4504
0.6723391
2.984281
0.3370955
1.978915
-1.028149
1.029513
-2.789333
-1.789108
-0.6176689
3.962138
0.7593431
-0.553949
-1.216237
3.43375
0.5533902
2.89983
2.356662
-0.9741649
-1.795018
-2.599127
-0.4075914
2.620337
1.579806
0.03318292
0.3620954
2.432772
2.91685
0.5129239
-0.8282633
7.409256
1.327929
-1.834011
0.482796
-1.496873
3.725515
-1.750659
0.105683
-0.1370018
1.888602
1.820894
1.177232
0.90426
-0.7203717
1.08063
-0.9067941
1.635718
-1.708444
-2.155201
-1.384749
-1.477005
3.244449
-2.176494
-3.415625
-2.071274
1.648703
2.085013
2.799239
0.4850464
-1.878913
-0.05929553
3.375378
-2.798052
-0.4525741
3.182637
-1.639101
0.4995138
0.4565996
1.509721
1.021244
-1.02479
0.8298424
-0.2845646
4.128755
2.633063
-0.4315068
-0.1044208
-0.06491321
-1.388191
2.366577
0.7959789
-2.933287
-0.3196548
1.080142
-1.838337
1.866312
3.442427
1.114017
1.262426
3.918195
5.438685
-1.350135
1.619379
4.421635
-2.262665
2.089684
0.08146008
-1.604913
1.240613
0.06610372
0.3215234
-2.611623
-0.5288718
1.596926
1.490862
2.51273
-1.504797
4.652716
5.381085
4.829191
2.172673
0.9634008
-0.6423977
3.451977
3.281875
-1.228406
2.420352
1.18984
0.3137695
0.2208855
-0.06669562
0.362801
-0.418217
2.330278
1.31972
-0.3828481
-0.03469636
0.9687883
2.851333
3.027026
4.04511
2.382296
-2.709508
0.8278156
1.706592
-2.853661
1.87914
3.009851
0.7089296
-2.826118
0.9050684
-0.1814069
-0.7529931
1.670249
2.411779
-0.1194537
2.287172
1.817663
2.518725
0.04794198
0.6153758
-1.564551
-3.775019
1.828841
3.829098
0.9285334
2.469774
0.3550609
1.168494
1.700473
1.522581
-0.4781291
0.8038161
0.5312736
3.095546
-1.198428
-0.7468616
1.757693
-1.493368
1.247544
0.1216154
-1.113548
0.1563267
3.074613
-1.648338
4.458978
0.4134815
-2.849655
-0.9880026
0.9529353
-2.929631
1.348857
-2.189657
1.471259
-2.799541
1.530545
2.013133
3.857481
1.53004
-0.5829978
0.3140186
1.240959
-0.4447545
0.4798383
-2.641608
1.130442
1.228134
2.895713
0.750847
2.266316
-0.8703944
3.093915
3.068045
-2.150175
-1.668198
1.162491
0.2633847
1.814295
-1.364832
0.4215982
2.440738
-2.96289
-0.4537277
1.456679
3.442029
1.186427
0.001540231
1.675235
0.7642787
2.009363
1.660543
1.275444
1.350552
1.821091
-0.4367753
2.195077
-0.8959606
-0.6766893
-0.9446853
1.946185
1.17572
1.169645
1.811558
-3.379155
0.9818444
-0.6370929
1.27901
1.189431
4.645149
0.4777008
4.638797
1.291112
2.336175
1.365555
1.501707
0.7817166
-0.6812888
0.1216451
0.6739762
0.8829483
-0.163373
-0.2369066
2.067486
0.5908036
0.376989
1.638941
-1.223364
1.126239
-1.73417
-1.811789
1.234848
1.421677
-0.7940294
-0.6490405
3.995031
2.932656
-0.7132738
0.8572021
2.731505
2.12627
1.616223
1.177049
-4.080237
2.725556
0.8587797
-0.5329186
-0.1149869
0.5516789
1.173486
1.159272
5.214774
-0.1322471
1.066304
2.082968
-2.75786
-0.7432801
0.2482169
-3.932242
2.629891
1.413005
-1.134473
1.643593
2.450378
1.985525
3.128199
-1.657169
1.544582
-2.901785
3.49037
0.00101463
-3.008154
1.562229
0.5553061
4.580323
-1.383082
1.711027
0.8238302
1.682501
0.7443315
1.296839
6.236193
2.372117
1.074147
3.396956
-0.2473449
1.092008
-0.02196214
1.106149
3.013456
4.195604
-2.557858
-1.325473
1.723342
-1.136359
-2.071519
-0.4242279
2.585652
-2.281162
0.2464248
3.839424
3.687873
3.794302
3.427584
1.345647
-0.3006095
5.014785
3.540649
3.380133
-0.9079956
0.6059769
-0.899839
-2.973346
-0.2694412
2.079646
1.572948
3.153288
-0.5592664
5.622299
-1.641307
-1.96866
2.039832
2.486951
0.3445026
-1.806969
2.818151
0.4687986
2.5017
0.2737365
3.385931
0.2766698
-0.04937455
0.869217
1.283637
-0.3158735
1.915488
4.140301
-1.381779
-1.24353
2.207472
1.867673
0.1853366
0.7105798
0.9226545
2.288094
-1.29391
-0.459951
2.326225
-0.2997165
3.530719
4.050474
-1.001799
1.483502
-1.830518
3.938738
-2.175821
2.515067
0.8525203
-0.6682147
0.1107863
-2.456702
1.919195
3.711016
0.006006938
4.819759
2.169917
4.590957
-2.156175
3.379421
1.426743
-3.098089
0.1081156
1.028669
1.594784
5.38522
1.533164
1.373612
2.394229
2.893003
1.118585
-0.3387299
5.323629
-1.609744
3.715147
0.1701536
0.9984873
-0.2980773
-1.371783
1.029393
2.793293
2.112968
-0.2062801
-0.4305339
5.247345
-1.078801
-0.2235335
1.183984
-0.7514912
-0.1539067
0.2265678
0.2502707
-2.396719
2.797613
0.6508829
7.29521
-1.942962
2.468331
-0.07284329
2.206804
4.109814
1.633297
2.690311
1.772419
2.39661
2.447867
2.458644
3.923818
1.295559
2.468795
2.891401
-0.7459303
-1.363383
-1.979867
-1.737272
0.4731053
0.3398399
1.079201
-1.038957
1.387494
0.5655154
0.3689371
1.077541
-6.273248
2.331768
0.06661447
0.3324457
0.2489934
3.75071
1.869977
-1.16467
0.6265441
1.325556
4.148482
-1.392151
1.261667
-0.973204
2.836666
-0.2899261
0.2657545
3.305142
-0.1763713
2.774701
3.108405
1.822228
-0.3010285
-0.4858371
0.2311746
0.9278448
1.155107
3.890079
-1.456467
-0.4959259
-1.3192
-0.5313793
-0.5445858
1.006221
0.623451
-4.087753
-0.4726452
-0.9150335
3.635913
-0.3405381
2.117851
0.5903686
-2.075675
0.1105116
0.8993036
4.309274
1.49248
4.769227
0.401817
-0.6312513
0.01161845
0.9724056
0.4879767
0.2734395
2.056283
5.055472
1.244915
-1.446335
3.544581
0.7871626
-2.401037
2.799998
-0.9021003
0.8149448
-2.300258
0.7517912
0.5529621
3.047898
2.848779
2.573815
1.303454
2.43622
-2.033252
2.758802
3.261321
0.2652765
1.487711
0.3666132
-2.645863
0.8430744
4.593926
0.6324164
5.155672
0.3831924
0.04357604
1.231568
1.343834
-0.1464793
-0.2966433
-1.435119
0.4490843
3.271124
2.6748
-0.7115463
1.311661
2.378109
2.33862
1.245782
-0.6156242
3.423652
4.783697
2.458457
0.7964392
1.110978
2.290151
2.390886
-3.063966
1.624176
0.9381678
1.376057
1.450773
3.82601
0.2424034
1.094879
2.242691
6.189941
0.3540405
3.704079
1.303918
-0.517057
1.963452
0.9474356
2.635098
-2.091819
1.25119
-1.529826
2.918876
1.986912
2.04429
-2.343483
4.108338
0.3022528
2.594218
-0.1945556
-0.2065896
-2.950001
1.16249
4.395883
-0.5572299
-0.6794658
1.377803
0.04723758
-1.927035
-1.423607
-0.9484499
-2.429552
3.17588
1.985443
1.624279
-0.8770418
4.969817
1.412182
1.009097
0.6021635
-0.8781471
-0.3932222
2.306001
2.661789
3.061676
1.885562
3.563993
1.331445
1.156185
-0.8179386
1.539189
0.3390544
-0.04345221
-1.258129
2.832599
3.154626
1.839251
1.579638
1.422098
-0.3384504
1.418856
-3.811934
1.406411
0.4546216
-1.050204
1.455203
2.575345
-0.161847
2.457082
0.4664094
0.9920246
3.937843
0.7929382
-0.4283337
-2.226164
2.271438
2.726289
0.1211595
-0.1577075
0.1558405
-0.1075616
0.6875436
-1.413888
-0.04944921
2.697308
5.194901
3.029565
1.365959
-0.0826677
-0.4601324
1.176572
0.6703996
3.628243
1.359626
0.3206427
4.040255
2.80507
0.5777056
1.10701
4.573946
1.827517
-0.4443194
0.306363
0.992613
4.31017
0.05871699
1.396939
4.673682
4.101899
0.8306701
1.219601
0.2201622
1.826674
2.581301
2.797099
0.7566728
1.012157
-0.8097528
0.1924852
3.411633
4.466543
-0.8340477
-0.3476114
2.425187
4.506332
3.833317
1.493585
0.9472082
0.951769
1.796545
2.37299
-0.9543325
-2.750207
2.311448
-1.870357
2.470295
0.6525987
3.28097
-1.210388
0.4268023
2.543629
2.120568
2.644101
1.404334
1.75507
-0.2883286
1.929189
5.155291
2.78611
0.3742708
-1.658459
0.1418738
0.02001097
0.5435402
0.3834532
4.344506
-0.7393592
2.967672
2.016654
0.2683191
2.31432
3.933747
2.92766
2.203959
0.3126283
-0.5176323
0.237752
0.322983
0.8272998
0.2071294
2.057126
-0.130596
-1.938298
-2.599996
0.9890369
1.036143
1.156316
1.94231
-0.1220048
0.6745727
1.168531
1.680425
1.62654
0.4640076
-0.04819587
-0.960183
-2.453479
0.3572685
1.843721
1.036165
-0.8900125
3.986773
1.568485
0.1334102
-0.9077351
1.240164
2.151061
1.204116
1.645958
1.699053
0.7486269
7.029556
1.767355
1.052539
5.005574
-1.368519
-0.2732711
3.516357
1.78419
-0.4509999
-1.36434
3.062013
-3.734199
2.845244
1.117735
0.01673989
-1.789268
-0.9849839
-0.5193643
-1.249361
2.684217
2.266851
1.578862
1.588501
1.67503
4.675808
3.545669
0.2824257
0.2540392
0.3994087
0.9415881
2.635261
1.173588
0.4853951
0.2179501
-0.5621473
-0.06296521
0.8114199
1.713482
2.057625
3.438251
2.171747
-2.194506
2.020963
3.247127
2.194209
3.585854
1.187321
-1.457463
1.746213
0.1772793
-0.0721086
0.4670496
3.712122
-0.3769042
0.2711141
5.614333
1.688655
1.011299
2.929806
-1.731486
1.030295
1.352113
0.04184807
2.670883
1.36481
0.3064484
0.2663845
1.048467
1.222697
4.116674
-2.240848
2.053296
1.45827
1.916765
-2.764074
-1.267432
-2.925491
0.4356231
1.194376
0.7200261
3.488765
2.701013
2.977166
1.244585
2.74506
0.9176965
2.405546
-1.498771
-1.572142
4.915224
0.5663406
0.8469796
0.6169769
2.218235
1.251011
2.901929
-0.3539009
2.94099
0.1061707
-0.3124301
1.197386
1.406693
4.657713
1.310164
0.5588622
-0.003720263
-1.398433
-1.824894
-0.1917403
-0.9446836
-0.1441344
3.305842
2.943414
4.776294
-1.658741
4.938549
0.958026
-0.335338
3.777073
-0.2389191
0.237155
6.373434
1.28529
1.132717
0.4533843
0.1802082
-0.6740057
0.4197067
2.235226
0.7522864
-2.195477
0.1979533
0.3218461
3.216082
3.980671
3.260008
-0.5441209
2.491017
1.606263
0.8268621
2.699948
1.043383
0.301687
0.2518284
1.157251
0.4252637
1.04343
1.984379
-0.5168285
-0.350583
-0.7781755
1.825428
1.824069
-6.591425
1.267603
-2.727604
2.428867
-0.9694989
1.820431
-0.8645609
0.1719212
1.869929
-1.69519
0.8095375
0.9419238
-1.369849
1.740726
5.607032
0.6755342
1.842163
-4.817054
2.379624
-2.699746
1.112514
-0.9059044
-0.6083553
2.370158
2.537793
5.147622
0.6270444
0.72341
3.300871
-0.2040336
-0.2077825
-1.642426
-1.362106
3.830737
-0.747644
0.9887095
-1.775665
0.1277872
1.409773
1.068952
1.40909
0.1484756
-2.77007
-0.3280976
2.395004
4.612165
0.876714
2.218346
3.177398
-0.06749765
-0.02710727
1.041832
-0.9951724
3.000755
0.4314932
-1.79045
0.8947596
-1.868147
3.722568
0.8649413
-0.4554869
3.14295
5.252543
0.1276216
4.236218
4.09469
-3.147052
1.53389
0.6785258
2.022959
0.5133945
-1.564707
-0.6744701
-0.3180115
-0.9363539
0.5285907
-0.6771036
-0.9240292
-0.722618
1.156096
3.388469
-0.3665017
0.2364617
-0.9330613
-0.9374282
1.594775
3.659036
2.525065
3.871269
3.870586
2.124784
2.733947
6.433283
-0.8719161
-0.2163266
2.854663
0.8193502
1.559863
0.151445
-0.3395711
6.126525
6.696666
-1.210549
2.593763
3.453356
-1.017114
1.834202
2.58044
2.912631
2.654673
3.005258
1.695154
1.312253
1.00256
0.7232833
1.431011
4.396322
-0.6798701
2.423488
-0.3684841
1.522236
0.86082
-0.3542722
-0.1696046
4.331287
-0.05469545
2.154397
2.00994
-2.101328
1.787293
-0.1854766
1.420051
0.8534014
3.286223
0.5724436
0.9980171
1.552168
-0.7621735
2.981414
-0.175232
4.14538
1.772656
-0.7520241
2.808136
3.279482
2.948984
2.824484
-4.358664
-2.439621
1.012867
0.9066342
0.9230986
1.158245
2.550529
3.3292
3.428152
-1.191236
1.322638
1.319714
3.38817
3.642638
1.941878
2.277806
2.211584
1.829022
3.50731
2.799453
-1.848113
1.590422
-1.12852
0.5151172
-1.819473
-1.300385
0.833061
1.506768
3.110341
0.3710106
-0.1625079
3.37958
0.476042
-1.963838
3.474033
1.525833
0.2744867
6.19028
1.091657
1.713557
1.86928
0.5757492
0.5535214
1.879267
1.735943
1.562128
-0.9795963
0.4330821
1.092358
1.539047
1.284891
-0.5370143
-0.02616839
3.633219
0.8022782
-0.6361568
-0.2406738
0.8223789
1.409833
0.5800736
0.9589836
-0.02012227
0.3233546
2.404036
1.778676
2.336686
0.1067417
-0.5345169
3.318436
1.995828
0.421834
0.3756993
1.522342
-0.2818903
2.700658
-2.407659
2.24381
1.242612
0.4904379
0.08414061
4.82069
5.022363
2.145666
3.075155
1.46798
2.833085
0.7774102
1.64156
3.619199
2.448037
0.5733428
2.107761
0.6228805
-1.312722
4.979734
-0.2947151
4.130038
0.1144041
3.834484
2.612798
5.362893
-1.726588
3.805995
0.73145
3.170012
-2.775892
2.171235
2.982486
2.142607
-0.3500264
0.08963148
1.9286
-0.224045
0.05482817
5.701455
3.338622
2.346093
1.354298
-0.4662934
1.46926
2.309467
1.615551
-0.944957
-1.719399
-0.4359608
1.961892
2.797091
-1.621747
-1.368951
0.1958095
2.745528
-0.7657396
1.226532
0.4478962
2.9425
1.108818
2.585592
0.5671608
1.022584
-1.866176
3.340534
-4.266557
0.5447271
-1.139223
0.3267757
1.609469
-2.784008
3.381578
4.075157
-1.730634
2.910592
0.987663
0.387792
0.6179487
0.5405874
0.6668567
0.6304231
2.431419
-0.4734984
0.2149131
0.7501034
1.195713
4.21236
3.139287
-2.626294
0.3268426
2.740946
0.8889146
-2.020484
3.006683
4.539423
-0.392251
4.03177
0.7352726
1.259731
3.624773
-1.946875
5.350376
0.08761876
2.181461
1.196218
1.696294
-1.936768
4.181373
-0.2616507
1.009551
-2.749229
-0.2974465
2.11155
2.085708
2.278211
3.791244
-1.701393
-0.8291415
2.394602
1.87895
1.364722
-0.3455511
-1.337119
1.264127
-0.7760437
3.018899
-0.971173
1.633385
0.3550445
3.878793
-0.9005093
1.760815
-0.6490623
-3.129926
-0.7506584
2.613242
2.055055
0.6260525
2.611205
1.774289
-0.3904438
-1.80425
1.562102
-0.1346745
0.925776
2.230134
2.597723
-0.07749693
1.190627
2.603435
-1.514002
-0.7065315
1.966181
6.114475
0.157849
-0.9395417
0.6446928
3.344926
-0.212891
-0.02141791
-1.863032
-1.765815
4.921447
3.896124
3.829548
1.288737
-0.989939
1.225154
0.3303299
2.007209
2.257907
-1.332558
-0.6289814
0.9759587
-1.552112
2.947048
2.00596
1.946506
0.9036986
-1.018111
2.932528
2.097922
3.122012
-0.8788533
3.462038
2.687923
2.806947
1.079639
2.055401
1.317946
0.1868225
0.3671943
-0.6797527
-0.8556711
0.01320906
0.9752946
0.1240409
4.616862
2.014279
3.321491
1.483182
1.236725
0.7558502
2.060562
3.974471
2.738055
1.492455
0.1347227
1.698772
-0.08879133
0.08925796
-0.8413099
1.180228
-1.706941
3.547288
3.132083
3.778009
2.526033
-0.2068223
-0.3283263
-2.805779
0.3833367
1.195672
0.08243565
-0.7307666
1.538971
-1.043929
3.951105
1.094229
0.6083618
3.041111
-0.9823437
2.421373
1.053354
-0.2577314
1.989098
2.377492
-0.5865286
-2.045802
0.5871517
0.4250926
-1.507213
2.179191
4.069345
-0.7749165
1.165684
-1.030408
0.2915388
1.05745
3.523843
-1.304317
0.673535
-0.1056308
0.7145761
3.044385
-2.855484
3.848548
1.283628
1.199082
-3.336305
3.153959
1.033275
-0.2621961
-0.4140864
1.274181
1.27376
0.3906693
-0.3535193
1.033948
3.009022
0.7974952
-2.43475
5.634093
-2.196748
4.326953
2.716474
2.816325
-1.550969
0.01774452
3.583412
-0.04909084
0.6554138
0.3331544
-0.5983594
2.486401
-0.8752394
0.6292261
-1.231345
3.860681
4.048243
1.544849
1.779488
-3.430526
0.169636
3.217831
1.954474
5.714308
-0.08573058
-0.5956788
-1.608373
-1.3817
-5.187963
0.7262453
1.95796
2.229998
-1.36578
-3.158994
4.153669
1.027626
1.479467
-0.9590309
1.047506
-2.373845
1.56748
1.196509
-0.279995
-0.691371
-1.640397
2.664602
0.4627374
-1.159225
3.39984
3.524496
0.07937332
1.193985
3.657353
3.771937
1.146856
-2.685364
2.600661
-2.841905
-0.2950208
-0.4028451
1.12808
0.2035623
1.688055
0.8529438
-1.789771
2.846033
2.260107
3.454904
1.244343
0.06568351
-2.486183
-0.1053747
2.188254
-0.722567
1.470023
0.9306912
-0.8265416
3.946829
2.2828
0.05218063
-1.702789
1.711269
0.07430649
-0.01155949
1.566124
-0.1674769
0.970206
1.237868
0.461559
2.13344
1.015641
2.640996
1.223215
-1.666335
1.750082
0.7208438
1.078891
2.621325
2.145406
0.3660431
3.536044
-0.1040844
1.072433
0.6206184
-2.382379
3.87005
2.550711
3.495067
1.322445
0.27504
-3.114867
5.117732
-1.800177
2.204468
4.67093
-1.527575
1.125498
0.4584384
0.1844419
0.02076544
0.4388278
-0.6075592
2.578991
-0.5785467
3.576039
2.719985
2.388071
-1.2092
-2.3631
2.939344
1.447097
1.669836
1.413151
-2.179997
-2.258195
-0.375155
2.476784
0.7347503
2.739197
-0.5371324
-0.1811554
2.823461
-0.4082226
2.120175
2.668229
3.871988
-2.629372
-2.885466
-0.5384144
1.24649
-1.185773
-2.089004
-0.007745995
0.3475721
1.844424
-3.119988
3.032681
0.6108822
-0.9058633
-0.6770701
5.212294
-1.42154
0.7106438
0.1122255
1.217982
1.360223
4.506087
0.1269101
-1.887062
2.107152
1.617797
1.295481
1.93769
-2.469052
-3.219206
-0.9334909
0.3130777
0.08208473
-2.129174
-0.1846584
0.9130849
-1.356396
2.209817
-1.300822
1.787831
-0.9445794
-1.665837
4.373782
0.8124477
3.554636
-1.63204
1.539699
1.98311
-1.26104
0.8095549
0.134542
-0.5047028
-2.282554
2.793902
2.237807
1.444707
-1.069785
2.417255
0.7048443
1.334902
4.493391
-2.409498
3.591819
1.458818
-0.314392
2.828747
-0.8681164
-1.268816
2.311468
0.5953211
1.088612
-0.2933242
1.242161
2.957324
1.452435
-0.6782881
3.094056
-0.2585626
-0.5223644
0.9728274
0.3816261
2.178633
3.011817
0.9123995
-0.3287108
3.286114
0.8078957
0.5771781
1.0348
2.048724
-1.676871
-0.1982413
3.110532
-0.7476666
-0.7120654
2.959626
3.294982
-0.8198719
4.051626
2.503346
-1.250029
4.999993
-0.6496613
-3.058011
0.820499
-0.2714478
-1.664409
1.29631
0.3354241
1.880944
0.5748612
3.162398
3.929635
-1.749835
-0.01350834
1.105362
0.4664979
0.384942
0.1150685
0.599853
-1.503064
4.767769
-1.851545
2.598523
2.336296
0.5496462
1.513774
-0.2913425
3.79551
1.254991
0.7989964
-0.5475945
1.374596
0.4737899
2.468898
0.5818024
-1.493749
0.1660067
-2.436765
-2.202297
0.3425545
4.466509
0.01807802
0.2734992
2.602367
1.72792
-0.01199381
2.012227
3.761691
2.750884
-2.460545
0.1316213
1.784002
0.1991665
-1.508698
-0.6730943
1.202747
-2.250279
3.714472
0.3261551
3.97273
2.24841
-1.213467
-1.023564
-1.087446
0.629707
0.9849667
1.341765
-0.1818539
0.8557726
1.192801
3.790779
4.312479
1.212844
-1.409547
0.5722953
0.02055695
-0.495427
-2.036457
1.874412
-0.3925802
0.1265695
4.182549
1.620239
-1.492507
1.254688
1.657425
-0.965698
2.052153
2.065358
-0.4302806
2.076851
0.4155533
4.61559
0.9953491
0.2339274
2.345285
1.841509
1.011738
2.231717
-1.111242
3.49976
-0.5492357
0.1494905
-1.034923
2.767403
-0.8434133
1.673407
-0.6902653
-0.9568606
2.788146
-1.981274
1.252191
1.162825
2.700073
1.243283
-3.339267
-0.283257
1.624889
3.216665
1.600063
-0.732424
1.454501
-0.01590316
-1.602151
2.101588
-1.066339
2.969333
1.299917
2.202543
4.641129
-2.917211
-0.850141
2.451499
-0.5354165
1.098434
-0.1154993
-0.05254221
0.5345247
-0.5937531
0.890435
-1.400262
1.304527
-0.9934549
2.513121
2.443158
3.923392
0.5412179
2.910205
-0.4189756
0.7209808
-0.006714205
1.64467
1.772938
1.849681
-2.170302
1.318424
-1.430949
0.9425676
2.857715
0.6662437
2.907824
-0.4710551
-1.459574
1.442256
2.64984
-3.020874
6.937882
-1.322966
3.314394
2.087725
0.9581463
2.552469
3.081469
0.2761031
-0.6020009
-0.3070322
0.3425363
0.9165154
0.4208644
-1.785864
0.6548622
-3.174235
-0.1865496
-0.8231773
1.118115
2.485243
-0.1179661
2.194156
4.508509
5.685394
1.295994
2.728463
3.102146
0.4060741
1.962802
0.998455
-1.295305
-0.6782948
3.204333
3.534151
0.4515838
0.4078029
8.316402
-0.9254317
-0.5771581
1.403626
-2.417875
0.9404312
0.4027007
0.677602
-0.9786867
-1.561714
1.542753
1.459843
2.141461
1.732199
-3.581427
1.225968
-1.159837
5.709403
-1.301481
0.02272113
-0.3869518
-3.116224
-0.5549797
1.119854
2.217566
-3.336927
1.665322
0.3104646
1.56503
1.651727
1.75552
-2.025231
-1.22983
0.7410354
0.1198619
-1.718082
-0.5900059
1.811208
2.91705
-3.76699
0.2434744
0.4832139
1.579625
0.3965063
0.4678443
-3.382575
5.124175
-0.4038583
-0.6781933
-1.089644
5.351103
3.741582
0.2219576
-2.77478
0.9546252
2.73503
1.642475
-2.253384
1.836885
-2.753093
3.051909
4.996524
2.141032
1.296708
-1.460213
3.552161
1.524768
0.6841438
2.197155
2.179802
0.478213
1.027799
4.061453
-1.91662
2.742074
-1.543888
0.9410887
4.664921
2.648828
1.1453
1.756889
1.842525
0.7237389
1.441443
1.384695
0.6440054
7.454468
0.9231616
-0.1646841
2.879075
0.536575
1.625191
1.423771
0.2896927
0.6688164
1.791598
-1.627658
3.392419
1.991627
-2.925975
-0.1664051
0.733769
1.049631
2.496432
-3.452771
-1.063043
0.8821608
0.8155935
1.541957
-0.07030639
-1.551589
2.474331
0.5763024
2.350955
2.082253
1.458514
1.494267
0.7542105
1.689425
3.859818
0.6954605
1.747403
-2.875488
2.302931
1.918983
-0.074995
2.816291
-1.181992
3.121947
-0.8557879
4.311094
1.294534
0.5168355
3.566322
0.37768
1.521531
0.7283522
-2.651338
-0.082926
1.12595
-3.684989
4.020315
3.682268
-0.4058079
-0.7144553
2.036589
1.560494
6.539025
2.966238
2.177751
0.08213809
2.471143
1.474279
0.8417709
3.851658
-3.84367
-1.771482
1.0503
2.32022
1.726387
-2.102261
0.5865643
-1.626104
-3.536762
1.226353
6.414866
2.47514
1.89425
-1.71254
-1.815746
3.084456
1.942157
2.001557
0.9466017
1.126679
-0.732507
0.7376696
1.342045
0.7373903
5.412764
-1.041573
-1.830483
5.001927
0.08618954
-0.2358049
1.610985
-0.158547
3.590423
-0.700831
-0.3193013
4.557582
-1.522124
1.993893
1.200979
2.952302
-0.09845825
1.985297
3.054748
2.168408
0.1318567
-3.301926
2.42878
0.5014198
1.183882
1.375404
3.838681
0.6928381
-1.284463
1.763237
2.06542
0.607485
-1.278271
3.302866
2.471083
-0.2678375
2.105451
1.558423
3.488188
0.6281162
3.530907
-2.349986
1.543713
3.077999
0.2133002
-0.4654016
2.164442
0.7781314
3.816533
2.268462
-1.753722
1.248274
1.963448
-4.501535
-0.5056359
1.248081
-0.4671597
0.7830011
-1.475741
-0.8771397
4.71313
-1.382858
2.395926
-1.211168
-1.363239
3.521686
1.325178
0.2866849
2.457479
2.957471
-2.30618
-1.267664
1.432314
3.026821
0.09451928
3.530313
4.516739
-0.4975124
0.3684272
0.9149631
1.017911
1.923638
0.6095934
-0.8836636
0.8470248
0.4282831
4.079156
2.261413
-1.672494
-0.5505553
-1.121262
-0.4075662
0.8969208
1.852098
4.666252
-2.168783
2.466631
0.5945934
-0.9301205
0.0375601
2.393466
2.00088
1.782515
0.463215
2.587903
0.5761373
3.278626
2.904572
0.6961426
0.750482
-0.08084379
4.212556
1.245185
-2.409082
3.793153
2.069831
5.74546
-0.5657669
-0.7859497
4.233303
1.091311
1.203349
3.991568
2.750845
4.650717
-0.912767
-4.427692
1.685887
-0.8137527
1.657333
1.738042
-3.081495
1.786381
4.376497
-1.365862
-1.341528
-1.332872
-1.137274
0.03393695
3.244576
1.711227
-1.704484
1.696233
-1.238878
-2.028157
3.327575
-0.7772235
-1.138234
1.284095
1.028699
3.78538
-2.328604
0.5535209
-1.860811
1.255827
2.146927
-0.01882133
0.5213386
2.60788
1.184584
0.1789357
3.555991
2.64488
1.95603
-0.8081025
1.349577
-0.4749168
-1.497192
-1.766967
2.633044
2.457273
3.045845
-0.4759515
2.078034
4.395326
-2.023251
0.3709565
-0.7702699
0.9257706
0.06737638
0.1159572
1.410386
0.7736821
1.253636
2.586338
2.966739
2.094395
-4.15706
2.141642
-0.286369
-0.5118671
2.914078
1.09849
0.5531076
1.213569
0.8146684
1.818873
4.580785
1.784796
5.042859
3.376934
-1.03317
-0.6046537
-0.6629604
0.1004562
-0.09460527
-0.5211475
2.001753
2.783895
-3.983646
-1.783149
1.642079
1.418504
4.007069
1.618597
3.748066
-1.805567
0.01230884
1.284463
0.3307347
0.7448204
-1.449714
-1.098868
1.683725
1.803822
-0.1859982
1.417442
2.261536
0.3331821
4.694174
-1.105125
0.1017315
3.273613
1.089337
2.902958
0.9193985
2.078105
2.318927
-0.3713569
-2.424586
0.5407051
-0.3692448
4.711664
1.675521
1.487463
0.4477211
1.793753
-1.141463
-3.968647
3.621929
1.951242
2.516706
0.8365622
-2.093624
0.4701516
-2.501654
0.9920379
-0.4399304
1.068217
1.888499
2.544963
-0.7255818
0.9679617
-0.8142756
0.7486688
3.720222
-3.844786
0.7852976
0.2934096
1.462811
1.371604
1.021545
-0.5488509
2.249893
-0.1384226
0.2781758
-0.4238505
-1.927377
-1.722107
0.0610269
3.608127
0.1633039
0.3683909
-0.806115
2.0659
-1.625035
3.415425
-2.611058
3.8888
1.999245
1.030082
-1.200943
0.08713752
1.612033
-5.108387
1.258231
-0.7326496
-2.82248
4.285028
1.6203
2.984961
0.005900162
3.274121
-1.36818
0.3318351
0.1061294
-0.2397874
0.8981628
3.488898
1.308732
-2.719067
2.118047
0.9752568
2.404266
5.850543
-0.2258571
-3.343273
2.756412
3.090364
0.9067553
-1.343049
2.034363
4.143709
-2.186234
3.176097
-0.5401539
-0.4331923
0.7983151
0.1649087
2.332803
0.6319669
-1.296208
-0.002621018
0.3790604
-1.748924
-0.6826613
0.4473468
2.649611
2.482716
4.480191
1.064168
3.029958
3.566786
2.455284
1.56455
1.396567
-2.225243
1.099599
-0.6417711
-1.000167
-1.533852
0.8960379
2.710165
1.023416
2.552028
-0.4287746
0.6898689
2.330796
-0.1213042
2.212302
0.3280989
1.925093
0.3177637
1.756784
2.118994
0.4660019
-0.799121
1.180563
3.993735
-1.377446
0.3854104
-1.422542
1.620403
-0.4464968
-0.9150734
1.172359
2.62372
1.122287
-0.232633
0.7210132
-0.02703244
-0.9885021
4.646984
2.50535
2.757652
3.582099
-1.766578
0.7473837
2.169392
0.4814744
1.148125
4.815519
1.669036
2.001257
0.4181483
1.768783
-0.9528781
0.7174736
-0.07468976
1.090539
-0.7110032
-1.772137
0.7492821
3.58806
2.106772
0.9159966
4.084902
4.168756
-1.532832
2.624775
3.663726
1.78379
-0.7587021
4.644896
1.080811
-0.8715086
3.385307
0.4615939
0.4783487
1.839468
1.852781
-0.9318208
2.806276
1.502642
3.436543
4.747041
-1.094288
0.4259749
2.627893
1.332374
1.947907
2.092983
0.8688524
1.432901
2.013017
3.350861
-0.9822736
0.5090403
-0.5173714
-5.500212
3.190831
3.49489
-2.359525
-0.147924
3.731298
1.221144
0.7415635
3.743269
-2.636971
-2.408569
2.838467
1.306026
4.350218
1.559318
-0.4326857
0.02175311
0.3514312
0.349675
4.953458
2.53247
-0.2616427
0.6586514
3.104406
3.577319
3.755048
4.80468
-1.362751
1.055961
0.1026301
-2.744489
4.776324
3.97071
5.437145
-0.5405472
-0.593391
3.153384
0.1183785
6.737954
1.367449
0.6643176
0.9472985
1.156856
2.543203
1.864816
1.712433
1.985915
1.812962
0.4581989
3.997381
-1.330553
2.201451
1.177767
0.7334731
-0.3273993
0.5287148
-1.162119
-0.3265418
1.508006
0.9596393
-2.50834
-2.870616
2.359058
2.426889
2.533192
2.439125
3.465303
0.1387862
0.08036946
0.4440363
1.268601
0.3379691
-0.8046064
2.012641
2.274069
1.048239
0.2057909
-0.7379738
0.2180402
-0.5036062
4.420278
-0.5464461
-0.0768043
5.052041
-2.123225
-4.442083
2.90048
2.754816
1.405299
2.589644
2.17783
0.7180504
-3.597861
-0.0124033
1.645782
1.027159
1.584448
0.6569742
-1.831517
0.3771029
-1.679434
3.024115
2.405871
2.203972
0.8227402
0.5835749
0.3876127
3.339629
2.812982
3.12709
0.1118317
2.259118
2.182756
-0.333135
1.417176
-1.26051
-0.725797
-2.615897
-0.3765877
1.67697
-0.5549921
-1.808108
5.318524
2.297177
-1.292643
-1.263709
-0.3650934
1.997446
3.003048
0.2926238
1.875086
-5.776811
-0.6102347
0.8087641
1.010602
-1.795222
5.642961
-1.479938
-2.776074
5.749337
-0.02140314
2.078942
0.8875925
0.17387
1.058365
-1.727339
-0.8314021
-1.139775
-0.7570213
2.364333
1.258657
4.911941
-0.1707399
0.9768619
1.8682
4.63529
2.673047
3.758269
-0.2896653
0.03926144
2.519252
2.901331
0.1491662
2.166881
-1.166167
-1.577137
0.1082963
0.6122624
0.5096271
0.5546128
3.376761
1.094864
0.08328002
1.571329
3.192214
4.297428
2.304031
1.514366
3.5837
-0.4008232
-0.2089268
0.1565915
2.364356
6.20255
2.676126
1.85669
1.750982
1.178043
2.080222
-0.1849446
2.460891
1.530195
-1.174319
3.785464
-2.479635
-0.7724763
1.299913
2.615186
-0.2758194
0.7924999
0.8524778
3.525137
-0.1159286
5.015137
0.4583587
1.607293
2.585036
1.878138
-2.980469
4.357084
1.012982
4.482475
2.737299
1.677719
2.455031
3.000881
2.371555
1.134193
0.07415372
-0.635665
-2.448422
-2.005417
2.210157
2.2866
-0.968135
0.2048097
2.737773
-2.116925
0.4590774
4.42852
-0.5684709
-2.350552
-1.69587
2.268884
-0.01297355
3.228968
0.3609504
2.137031
1.975512
4.701368
-0.2478684
-0.3015721
1.385776
1.207042
-2.772065
-1.592221
4.10185
1.648142
1.38383
-1.090262
-0.7800295
3.245328
2.863128
1.503545
1.740885
0.9553527
5.145597
-0.006948551
1.113047
2.98475
-0.6238133
1.54793
0.09212987
-0.9477063
-0.3330534
1.8966
1.748079
1.138992
-3.281918
1.332279
-1.273006
-1.019185
1.565489
1.363992
-1.597447
3.650495
-0.2774558
-0.5085981
-0.7356837
-0.01203142
1.900444
-1.070718
3.960888
0.1802198
3.641603
-0.2429609
2.2323
-0.9405149
-0.5149616
-0.1545807
3.261079
-0.8197733
2.800776
0.1148409
-0.8217642
1.696431
2.601076
3.898423
-1.573599
2.923912
0.2456734
-0.5465323
-0.1302931
3.333135
4.622383
3.419914
5.210039
1.687896
5.801293
3.874862
1.868977
0.409645
-1.193679
3.122988
1.378926
6.142679
-1.807612
4.593329
2.361708
2.987832
0.8380187
2.839485
2.510358
1.253179
1.678208
2.683023
-1.860279
-0.2842312
1.085606
2.435842
0.1492906
0.7501362
1.528535
2.420218
-1.323004
-4.118128
2.111194
0.8565385
2.27926
3.980141
-0.6748849
-1.1511
0.5693386
0.7954947
1.438772
0.04184545
-0.8125007
-0.1436977
1.091975
-0.6347245
-0.2920748
0.7272405
-0.7723683
0.1107931
2.913794
2.319279
0.2858567
0.7869614
2.390405
-0.9036578
4.14477
1.617362
-1.418348
3.745255
1.553729
-0.5077605
2.796466
2.700171
0.7257206
1.83182
0.2350928
0.2593772
1.80675
0.07138575
2.75529
-1.599067
1.906524
-0.6783588
2.232437
-0.5891921
4.398987
1.241678
2.792253
3.997611
3.44638
-0.134222
2.700755
3.873579
0.4881825
0.6313935
1.538379
3.156951
-1.836962
-0.4270067
0.5277973
2.822907
2.598073
-1.212205
2.032301
-2.54519
2.603899
0.3300471
0.826657
0.4974109
-0.2474745
-1.428147
0.688526
-0.8459423
1.053447
-0.7101855
-0.3692509
3.761761
4.836523
1.445139
-0.6446486
-4.55639
-2.108481
-2.453769
-3.722809
2.533572
1.427852
-1.037911
-1.743884
-1.187718
1.139556
2.542638
-1.195847
2.881542
-0.863422
2.887869
-2.921424
-4.182121
-0.8103311
-2.014791
1.909507
1.510413
2.61527
1.911743
-1.50085
-0.2425041
-0.4561688
-1.496664
-1.826007
2.126232
-0.3185974
0.04251384
1.714671
0.4031087
1.808107
3.332277
2.665177
-1.438073
-3.402976
1.935526
2.317527
2.105854
3.970496
0.7860923
2.435736
1.589382
1.313139
1.555476
2.21013
1.515331
-1.922509
-1.333902
-0.7713526
1.848397
4.142617
2.286323
-3.384113
-2.60704
0.5939668
0.7759494
2.008251
-0.3565244
0.5208047
1.065167
3.074803
2.39623
3.771905
0.8882604
2.202795
2.508264
-0.1816272
2.940246
3.289788
0.1956138
-1.661929
4.086844
-1.458771
0.8346044
2.421897
2.253555
-1.864783
3.32879
0.4772465
1.026254
3.072227
2.926011
-0.2736948
-0.1164968
3.236223
0.2715685
0.4089086
-0.3650922
2.202289
0.1269568
3.181486
1.732482
-1.798997
2.060145
-4.288144
1.004978
-1.650318
-0.5288748
-2.199158
-4.820866
-0.6086846
-1.222063
0.7009541
0.05216415
2.294713
3.28458
1.832265
-0.6635946
-0.6533391
-1.75648
3.030675
5.517697
2.394526
0.417057
-0.5324461
0.1787467
0.3068869
-0.1243506
5.974241
0.7444636
-1.882413
3.181509
-1.397284
1.696953
-0.1921003
2.340798
0.6804474
0.1303086
2.290545
2.805121
3.466649
-0.04322353
3.847562
1.601946
2.045123
3.780803
1.238656
-1.606475
1.287814
2.039004
0.2194974
-2.146545
-1.479307
1.926669
2.097564
-1.137155
-1.478764
-1.336434
0.02681673
1.564767
3.282274
0.1807293
0.7658002
-0.1898432
-0.9551918
-1.191056
-0.419973
1.897204
-0.9020622
-1.207198
2.606083
0.2605315
1.607449
2.413419
1.007025
0.02086478
4.997821
3.124211
3.866876
-1.447316
1.274166
2.663792
0.7727997
2.315183
2.546567
0.579958
1.943661
3.405929
-1.315707
-0.343154
0.3830272
0.01824126
1.266968
-1.112929
2.848257
1.633545
1.766604
-1.161684
4.889021
0.4079339
2.153588
1.306287
3.070353
1.604705
1.795286
-0.3977133
2.009436
1.53847
0.8212356
2.20868
3.144635
1.357548
2.300494
0.4971331
3.57265
0.8394613
0.185092
-1.364113
-0.08001451
-2.628621
2.823672
6.949496
-1.96862
1.32722
2.885382
0.8995882
-1.226317
3.734636
0.0537117
1.784937
3.87251
1.402669
0.987396
0.5658862
-0.4301016
2.809162
3.629237
1.130649
4.382346
3.656179
1.584702
2.916291
-2.907276
4.208954
-1.382734
-0.01798783
0.3288754
0.1737564
-0.3360349
1.85791
1.900067
-1.783509
1.024099
1.775877
3.665484
-1.584142
0.3959835
-0.4009098
-0.7868037
0.07724772
1.376309
-2.744538
-2.018125
2.095703
-2.834419
-1.644243
1.661392
-0.4385878
1.108819
1.651547
1.439708
1.273097
-2.11835
0.5502193
-0.005392839
4.800897
-0.5867167
0.2624725
0.2901792
3.763966
2.603805
3.046226
-0.1346107
-0.2573452
3.761524
-3.362753
3.582804
-2.557337
0.5115249
0.8658626
0.1009267
2.077232
-1.084559
0.5280912
-0.199793
-1.210186
0.8474673
-2.486942
1.107505
3.858101
-1.150823
-0.1798798
-0.6499188
1.433781
1.365479
1.089804
1.165431
0.6584704
5.010019
1.125597
3.576768
1.906429
1.93266
0.1791109
0.07309625
2.097806
-0.2685906
5.528479
1.564024
1.04187
-3.504021
2.521576
1.907213
1.312997
2.22524
2.781442
2.486643
1.819186
0.5910273
0.8882339
2.562082
2.642014
3.996522
1.603883
-0.3205964
-2.276807
-0.4043231
2.914962
2.642141
-0.9115808
1.427448
1.389266
-0.194331
-1.296546
1.911008
0.733827
2.427845
-0.8168984
-2.722838
3.783813
0.6423635
0.7949195
1.275961
-2.054558
5.032156
0.1299623
2.103928
-0.1343145
-3.148765
3.864747
2.29884
6.276306
-2.838792
-0.8418637
0.7392382
-0.3181874
-0.1342716
2.838555
-1.098435
-2.054405
2.722595
-0.9883951
0.6642357
0.2489541
0.2116631
1.545471
3.410021
1.204233
2.554567
3.061018
1.055716
-1.809346
2.214129
2.36899
0.3580842
2.141364
0.6103985
1.74578
4.806758
1.842372
-3.244395
1.360542
0.7294086
2.106879
-0.7041531
2.089693
1.121167
1.583353
3.777509
0.36693
0.2444803
0.8190281
-2.726157
-0.6392098
-1.497427
-0.9407194
0.915187
0.4001647
-2.617824
0.1214347
2.587284
-2.064737
2.796429
0.4630638
3.166962
3.948978
1.311546
0.2510456
3.101626
1.300508
-0.1461171
4.763895
-1.121209
0.7016432
-2.062644
0.9916265
1.023222
-0.2876022
2.137893
0.6184706
0.02001187
1.732138
2.998268
3.985213
-0.4338582
-1.514251
-1.18344
-0.6892649
0.8615169
0.878902
1.138793
2.865744
1.100725
3.825081
1.074783
0.4097285
2.920324
6.758931
3.432738
0.4524422
-1.180786
4.627967
-0.03572005
-0.5098381
2.323353
-2.31492
1.536131
0.1229638
1.919123
4.822058
1.856492
2.450814
2.084477
-2.271766
3.838098
-0.6934896
2.119819
4.179156
2.372696
0.5630055
2.381112
0.3100497
1.7224
-1.388904
-2.33041
3.527171
1.858894
3.114043
-0.4338854
3.534102
1.817941
3.659125
0.05160966
-3.992448
0.9814291
-0.9466956
0.2715682
1.240794
-1.412393
0.5623818
-0.760443
-0.8666053
-1.862036
2.202388
0.5992763
2.211033
1.954255
-1.72913
3.5064
2.220499
1.337825
-0.2864336
-0.588313
2.534369
1.012133
3.566925
1.254169
2.137226
-2.421359
1.439982
3.415989
0.3075111
-1.052683
2.844105
0.3018632
-1.482659
-0.04213041
-2.037297
1.663762
2.888582
0.1015743
-1.476036
2.034041
0.8330087
5.118752
2.18113
-1.763521
-2.179393
0.4618886
0.8291133
-1.107076
-3.081708
-0.314713
0.9184961
0.3091374
-2.891468
-3.733082
1.725353
5.588323
3.615792
0.319109
-0.141946
2.194401
-1.606429
1.491832
-0.3375034
0.06248157
1.082402
-3.144832
1.829242
4.191487
1.588874
9.120427e-05
1.364514
1.255881
-0.7305584
2.462331
3.390974
3.364784
-0.7749633
-3.746601
-0.6113071
1.575545
3.926345
-1.754947
-2.224119
0.7032706
-1.838245
4.212057
3.421507
-0.7625213
5.125076
2.09584
6.289789
-3.271778
1.640312
2.74002
4.027483
4.322264
1.191459
-0.9525448
1.144431
0.2110537
-1.892758
4.686843
3.474356
0.9560509
-2.271006
1.670145
-0.1355504
0.08107396
3.354644
-0.9829954
1.57461
0.7930867
-2.727397
-1.362475
0.07228479
1.338202
2.585727
-2.499745
0.2904852
2.302696
1.871958
1.227494
-0.1948359
0.2639623
-0.5841081
5.973337
0.6076853
1.229951
0.4541585
1.688575
3.397746
-2.864922
2.848086
0.9220096
4.904351
3.152613
2.202306
-0.2224387
1.195289
3.811319
4.22387
1.899654
0.5874414
0.2430397
2.102383
3.529885
3.470387
-1.106429
3.607284
2.766019
0.06087965
1.717614
-0.237406
1.300441
1.162836
-0.3883197
-2.211697
4.458911
5.195584
-0.8993625
1.657902
-1.747167
2.287486
-0.7496823
2.875447
-2.332706
-2.028897
-1.343383
5.507118
1.888425
3.481481
0.6331337
3.664449
0.807767
2.731664
-0.1335923
5.504308
0.6809796
2.717231
-1.765266
-0.8072331
2.826304
3.283719
3.450087
-3.196596
1.369565
-0.1108312
2.716227
0.676807
0.507318
0.2308474
-1.414215
0.897241
-0.2161811
0.6924279
2.125424
0.1581309
1.492655
-2.9261
-1.277716
0.2867896
0.01395935
0.9140468
1.665982
1.252426
3.504536
2.823921
-0.5893453
2.879674
-3.215353
-2.432412
-1.216477
0.1998758
0.6738931
1.102115
0.9803293
0.3091613
2.914328
-0.3155269
1.324491
-0.9235557
-0.3949318
2.782206
1.819475
4.51118
-0.7102174
0.05487375
0.1541411
0.9604068
1.346689
0.8392304
3.515562
3.779587
-1.012286
4.131301
-3.424646
2.265218
5.906642
-0.4147908
2.682531
0.3961404
2.358625
2.916425
0.6674409
-0.3177166
0.6754819
-0.6880163
1.910307
-3.315969
3.478575
-1.126382
0.9530721
1.219621
3.762518
0.4606438
1.768467
2.525278
-0.7625279
-0.1528538
4.058047
1.01823
1.390362
0.1292774
1.589829
1.304007
1.651296
1.741539
-1.371365
0.7336385
-1.025635
1.339832
-0.8536061
-1.703464
1.60225
-1.965433
0.8874026
2.795413
-0.1333562
2.296604
-2.654292
1.46677
1.707135
3.075309
0.808284
-1.022492
-1.865446
-1.341843
1.487564
1.113428
0.7085452
0.8378519
1.745872
0.9330886
0.2261294
2.244919
0.07522985
-1.247161
-2.62282
3.104127
-0.3565199
2.834626
-1.977616
3.105262
-1.027873
2.675443
1.42206
4.908146
-0.2486242
4.253928
3.553905
2.275986
-0.817669
1.952118
6.514224
4.020614
0.3686325
-0.3350239
0.9134676
0.2232616
-0.4955147
2.279381
2.387289
0.6375951
1.744951
-1.19771
2.367952
4.477049
-0.3237211
-0.9403774
2.50691
3.137429
0.3172194
-1.327763
0.6093437
1.467398
2.495116
5.561835
-0.02173988
1.80663
2.145092
3.280511
1.703043
4.412021
0.5726795
2.932913
2.601571
0.7490779
-1.130304
-0.9710047
-1.76428
1.40496
1.433177
1.52062
2.307301
0.8800445
-0.5644829
-0.7577775
0.673917
2.959046
-1.627084
-0.8817633
1.505039
3.548688
1.586461
1.145613
-1.745257
0.6857911
0.9718411
2.645188
-0.1291014
-0.5518234
-0.4637791
2.021415
2.164226
2.319924
2.061685
3.324294
2.072109
-0.2225274
2.572126
2.940046
-0.8737664
3.358139
0.5099858
0.6768168
-3.768361
3.617937
-1.095867
0.8402248
-0.5217872
-0.1156141
4.324508
0.2969767
0.8355225
3.01695
1.004796
2.239576
-0.3164753
1.380847
3.307013
2.295546
1.828915
5.428064
2.558123
0.0460161
-0.8105323
2.733535
1.069927
1.364508
-3.041012
-1.989487
0.696756
2.555788
1.997279
-1.44509
2.854389
0.9680132
3.182735
2.681279
4.714195
-0.5746747
1.415678
2.896299
2.244274
-0.2746268
2.068487
3.180986
0.3590765
6.198284
1.233625
-2.659003
-1.078181
-0.5227962
0.5825077
4.538625
1.035885
-3.00865
1.915281
3.455113
-0.5387942
-0.2841219
0.0769413
-1.522651
3.644576
-1.276016
-3.451065
1.966889
-0.7628806
-1.975663
0.4709664
0.7015635
-0.1557636
1.544189
1.089853
-1.744831
0.2091271
-0.9628153
-1.25053
0.9322573
2.009697
1.11544
-1.099297
3.279931
1.201672
-0.04022439
2.524299
0.5895088
-0.8103592
-0.1910476
