0.6370565
0.2899586
0.7197524
0.6269403
0.7235744
-0.7335762
0.04895633
-0.6746144
-1.329645
0.1477494
-0.6872612
0.2377411
0.6633401
0.6928509
-0.5064401
-0.4628379
-1.504137
0.5930023
-0.5838475
0.5514839
-1.133864
-0.1570884
0.4485642
0.3515314
0.7380846
-1.551083
0.4138995
-0.9208713
0.1924933
-1.5678
0.7344193
-0.001732767
0.8824218
-0.03742278
0.7188609
0.8578768
-0.5060933
0.07914363
-0.5640462
0.8950721
-0.01750553
-0.4225319
-0.2722182
0.7513903
-0.2794862
0.9336198
0.584292
-0.3016239
0.07552122
0.2112928
0.8669277
0.1990809
0.05363961
0.5785639
1.001128
-0.5386538
-0.6162128
0.4026055
0.05417524
0.9169431
-0.07582731
-0.9498183
-0.3083874
0.4011424
0.4247002
1.32796
-1.010868
0.4607175
0.451535
-0.0890935
0.3460793
0.5264917
1.049861
-0.7151865
0.03925568
0.0008792574
1.389664
-0.003119227
-0.1049024
-0.2795754
-1.32903
-0.5420818
-0.8058458
-0.65074
-0.5848422
-0.1334152
-0.1602454
-0.3558006
0.5340311
0.160505
-1.886622
-0.8614313
-0.1625103
-0.7230968
-1.247896
1.082317
-1.25038
-0.2283035
-1.070286
1.146547
-0.1361772
0.4130098
0.4928925
-0.8220163
-1.241274
-0.07341004
-0.2145828
-0.1218843
-0.2221109
0.06692741
0.2483359
-0.6519421
-1.491523
0.5333366
0.243355
0.1101661
1.479825
0.05885251
-1.391988
0.4017428
-1.225781
-1.183308
0.9092811
-0.2679641
-0.1342911
-0.1549373
0.1774377
-0.08770266
-0.3770005
0.8220148
-0.6756765
0.1618354
0.03801201
0.5497412
-0.8263911
-0.02328746
0.3424619
-0.06723636
0.5711955
-0.4718974
-0.2706217
0.1524288
-0.8200578
-0.7139581
0.347234
0.2610381
0.1495113
0.5608645
-1.135624
-0.3775286
1.131086
0.5422175
-0.470246
0.9901451
0.4181042
0.09051479
0.3270222
-0.2834248
-1.05904
0.8259317
0.6005405
-0.02339903
0.04705482
-0.1598061
-0.4325423
0.2404284
1.01693
-0.4080502
0.2329946
0.603531
0.2810119
-0.21999
0.6382014
0.3609865
-0.03827133
-0.3336494
-0.4828632
0.9465928
0.3818892
0.5491811
-0.384231
0.8132043
-0.01718118
-0.08949025
-0.1994394
-0.1632206
-0.9331844
-0.8533759
-1.165579
0.78731
0.3028367
0.3226662
-1.010847
-0.1767268
0.1489508
-0.2766644
0.4193809
1.005007
-0.0970458
-0.884458
0.03881892
0.9394653
-0.8262272
0.6715078
-1.292871
-0.05882298
-0.2647377
-0.0132248
-0.7325096
-0.04414734
-0.3934592
0.664145
-1.185692
0.3050183
-0.8867283
-0.4442026
0.1245283
0.7099873
-0.223865
0.9219178
0.7980179
0.2026022
0.3521617
-0.003745822
-0.3816939
-0.5217205
0.06268292
-0.2303491
1.766239
-0.06814744
-0.1012221
-0.2071679
0.6296598
-0.08973557
-0.09093804
-0.8851999
-0.1291181
1.633486
0.5524416
-0.7892697
-0.1071147
-0.3884636
0.07699433
-1.230529
-0.05866842
-0.2043088
-0.1169669
1.139872
-0.700515
0.7574453
-0.1419945
0.416604
-0.7127071
0.5741798
0.121481
0.9922585
1.127926
0.2857575
-1.042002
0.8512046
0.4467808
0.0987343
0.8019801
-0.8708505
0.1554173
0.9160083
-0.3043062
-0.07722326
0.6693117
-0.6542144
-0.4342307
0.4091562
0.08979671
-0.4895919
0.3689501
1.066383
-0.3460766
0.8315935
-0.1179579
0.6370046
0.1169134
0.8251122
-1.328807
0.8713778
0.2406702
1.292304
-0.8291962
-0.5168386
-0.2371606
0.9955508
-0.347519
0.2917344
0.3466981
-0.3664417
0.6994449
1.456483
0.5686572
-0.5872192
-0.9048582
0.1593637
-0.5632002
0.3310241
-0.02646779
0.3292088
-0.5424308
0.4305197
-0.269413
0.0714142
-0.5526416
-0.3544429
0.1363497
-0.5590568
0.4617853
-0.7100709
-0.4568399
0.1342526
0.7302993
-0.7989499
-0.6459315
0.04217662
-0.7230333
0.1151689
0.3061874
1.28039
-0.3716486
-0.4127921
1.249596
1.620415
-0.4964408
0.2786779
0.3425523
0.5620107
-0.4757526
0.8622319
0.4355631
0.7183738
0.7088964
0.3606911
0.667561
0.08516432
1.01812
-0.1132834
0.1005418
0.7797782
-0.02108375
-0.4260999
-0.5054384
0.4667301
-0.3993266
0.08277502
0.8574463
1.407465
-1.350135
0.3099143
-0.7194779
-0.2744919
-0.2316602
0.4182487
0.2709445
-0.6358775
-0.9622966
1.272009
-0.6770407
0.0735428
0.3292135
-0.9887416
-1.730357
0.1086724
-0.3929618
-0.2122413
0.2021664
-0.5895808
-0.3846087
0.02646295
0.1044936
-0.2841453
-0.04208262
0.4245591
-0.7006819
-0.07490482
0.09090462
0.667271
0.6059648
-0.02607501
-0.7927817
-0.2967248
-0.1119094
-0.2165976
-0.4000686
-0.8754531
-0.1686443
1.369633
0.3104564
-0.57252
1.930349
-0.3779154
1.957565
2.022214
-0.391111
-0.01029002
0.105759
-0.5494692
0.7451574
0.9932128
0.6264427
0.5066241
-0.6661976
0.1487371
0.1648604
-0.3885368
0.05777777
-0.3046955
-0.7635035
-0.984329
-1.626124
0.872428
-0.1932568
0.2536622
1.014738
-0.02066862
1.023674
0.5382741
-0.180073
1.042374
-0.04061955
-0.6589066
-0.7683932
0.5973229
0.3057985
0.3294433
0.7080085
-0.004045157
-1.209706
-0.5837016
-0.0860516
-0.7603573
-0.2914786
-0.2577219
0.7085486
0.8700441
1.247379
0.4016904
-0.3845266
1.103677
1.337146
-0.3441557
0.08646421
0.3784886
-0.476457
0.8699565
0.009035976
0.386234
-0.5711786
-0.4990924
0.3751819
-0.3002215
0.06940706
-1.034229
1.443535
0.5633927
-0.5489188
0.1783763
0.9002077
-0.5752689
-0.8803052
-0.2460508
-0.378152
0.5569816
0.01919508
0.09154327
-0.4037011
-0.6404324
1.260122
0.05461811
-0.2608969
0.3088519
0.7815647
0.0476623
0.0550342
0.180747
-0.885487
0.02058323
0.3676747
0.02968752
-0.2403402
0.8096602
0.2218707
-0.0431113
-0.2494194
0.7190223
1.121649
1.2546
-0.7835676
0.274154
-0.4684676
-0.4652277
-0.1917591
-0.907865
-0.1320639
0.2619392
-0.8491529
-0.9444953
0.1946067
0.1775037
-0.7798105
-0.1973039
-1.13836
-0.1616018
0.2139218
-1.235856
-0.07428555
-0.5518743
1.500828
-0.05010659
-0.1277435
0.4599484
-0.5226238
0.2736149
0.03614533
0.2789389
0.1337361
0.3895511
-0.39089
1.352291
0.9733528
-1.05125
-0.8095244
-0.000424123
0.1555049
-1.128863
0.07265876
0.2476195
-0.1460349
1.103691
1.131915
0.4974336
-0.09631715
0.1837739
-0.1719501
0.1827562
-0.2255796
0.7595423
-1.604178
0.8317637
0.4748433
0.2501044
-0.6507863
-0.3140932
0.2465728
-0.2864633
-1.076133
-0.1689795
-0.3587801
-0.4737441
-0.1996797
-0.7990936
0.4446068
0.06610652
0.05325684
0.09666778
0.1060316
-0.5894187
-2.096551
-0.4666476
0.6377531
-0.2090918
-2.037022
-0.07560231
1.41804
0.1175822
0.6789247
-1.122982
-0.3128599
-0.01361458
1.156466
-0.283688
-0.7375609
0.3492436
-0.7025385
-1.800694
-1.257346
0.1725038
1.23383
0.4567085
0.2396636
0.3904951
0.1913932
-0.6202971
1.623066
0.08919355
0.1450666
0.2582588
-0.9516944
0.3907295
0.7397394
-1.040178
0.1554619
-0.1555966
-0.3219229
-0.5013057
-0.1218796
-0.2252665
-0.1310899
-0.2770689
0.41852
0.1671209
-1.068384
0.3239791
0.5612822
1.023102
-0.2408755
0.380202
0.680626
0.9186987
-0.05292753
0.7000988
-0.5395972
0.2378561
0.7281998
-0.9952731
0.3068901
0.2297746
-1.637166
-0.9043442
0.4246461
-0.1880294
-0.0241737
-0.2522405
-2.182695
0.631411
1.782751
0.09433109
-0.3781419
1.007033
0.3272153
0.1693942
-0.09308687
0.2472595
0.2008225
-0.1705357
-0.3738638
0.1947926
0.5103254
-0.007617751
0.353457
0.3423688
-0.1313294
0.9275035
-0.5825313
0.5697314
-0.2712965
-0.00149662
0.4296107
0.6339643
-0.5936876
0.3667749
0.7048921
0.1752817
0.2230253
1.148119
-0.1733478
0.5981036
-1.100728
-0.9566079
0.2123979
1.340243
1.127376
-0.693346
-0.4319936
-0.7301871
0.3339846
0.2221034
-0.5972559
-0.9250959
-0.1003858
0.8070154
0.2472766
-0.2504996
-1.384699
1.058737
0.1054908
-0.1594329
-0.2986557
-0.1396858
-0.3957855
-0.1408117
-0.7121988
-0.1361099
1.073947
0.4876274
1.926343
0.9478982
-0.0808033
1.122164
-0.1195132
-0.2302241
-0.5205134
-0.5989423
-1.208274
-0.7276167
0.2511021
-0.7168411
0.8371862
-0.6278892
-1.503996
0.356292
-0.3902602
0.4347913
-0.1441144
-0.6179553
-1.524707
-0.8194358
0.55718
-0.3428681
-0.2415346
0.07656908
-0.6091768
-0.4761187
-0.6943577
-0.0292
-0.5590484
-0.9756411
0.732578
0.4559464
-0.0784718
0.03726182
-1.155664
-0.05170525
0.7791934
-0.08699482
-0.2959844
0.1794183
0.5715947
0.3048644
1.363753
0.1871477
-0.246333
1.288665
1.100583
-0.6603183
0.1395455
0.1856726
0.1665342
-0.3982621
-0.2073131
1.377463
-0.3472289
0.06656042
0.1628249
0.2415539
-0.465912
-0.4551746
-0.4367014
0.6509685
0.2435958
0.4418444
-0.3428529
-0.1157628
0.1016898
-0.01679616
-0.7723683
-0.6445618
-0.1338105
0.06405189
1.312276
0.256802
-0.0592177
0.118507
-0.2978806
0.8615489
0.6688032
0.914126
-0.7788437
0.6076971
1.688706
0.442339
0.4126928
-0.257358
0.4689886
0.7690901
0.1482739
1.425064
1.190535
-0.1005431
-0.8148469
0.09994176
0.4434269
-0.1762102
-0.04917398
-0.7209748
-0.1599001
0.03873614
-0.1942106
-0.4184771
-0.3715688
-0.1047787
-0.8408731
0.2365301
1.234337
-0.6321157
0.2021631
0.08847808
-0.1485189
-0.5576703
0.1525953
0.541047
0.554605
0.2266124
-0.5757628
0.8086012
0.788102
0.4118755
0.2268498
0.2017751
-0.1976879
0.05564073
-0.1861066
0.2098927
-0.1332002
0.4814889
-0.828513
-0.7691016
0.07474062
0.5714947
-0.4057448
0.5135645
-0.5716054
0.8529475
-0.3296503
0.01448307
-0.3101838
-0.03948387
-0.3659202
-1.268701
0.4445265
0.7414661
0.7816991
-0.2714289
0.298214
1.16922
0.02240281
-0.1421868
-1.12515
0.0569305
0.5956383
-0.746924
0.3138137
-1.027
0.6088518
0.847174
-0.573094
-0.2705631
-0.3372155
-0.7415315
0.9772878
0.3938929
0.8577644
-0.07982842
-1.112634
1.11502
-0.8902868
-0.03390063
-0.006264001
-0.9152081
0.5965743
-0.01881051
-0.6995007
-0.8327406
0.5768093
-0.3433988
0.4322882
0.7278512
0.3824579
1.446228
-0.1541699
-0.7456284
-0.2697985
0.44837
-0.4209504
2.4389
0.9032953
0.3931767
-0.5036075
-1.158721
1.370356
0.7169534
0.3274431
0.7583992
-0.1050681
-1.03496
-1.06614
-0.09869781
-0.8932923
0.2250488
0.4910358
-0.05154321
-0.4649439
-0.7415648
0.5661424
-0.6754889
0.2800839
1.299518
0.86922
-0.7692991
1.451693
-0.8256398
0.3022548
-0.6916974
1.067829
-0.981228
1.369318
-0.4642854
0.1222394
0.6155642
1.791737
-0.3239322
0.1109372
-0.4005435
0.312618
-0.3421138
1.343686
0.5309557
-0.8355367
-1.434796
0.07928162
-0.7169374
0.08439822
0.6907599
-0.09062355
-1.147092
-0.3097798
1.167395
-0.7684633
1.005212
-0.2740866
0.6921342
0.7391922
0.7585463
-0.6493505
0.3913098
0.3798829
-0.5479596
-1.2802
0.1745877
1.606122
-0.783244
0.2554417
-1.035172
-0.4398578
-0.4541286
0.05375601
0.2905628
-0.1023259
0.08907104
-1.054315
-0.6715235
0.01546527
-0.4282406
0.1035339
0.5255434
0.4014773
-0.9974102
0.8079477
-0.1712579
-0.6356248
-1.462211
-0.04945294
-0.01482134
0.2018427
0.3596314
0.4840427
-0.1175105
0.0173731
-0.7487187
-0.4134748
1.041012
1.215247
0.1452625
0.9297126
-0.4817289
-1.000884
0.5991792
1.225076
-1.099245
-0.5944515
0.3844665
-1.030899
-0.2733627
0.2865815
-0.1202926
0.1708801
0.4098753
-0.4183787
-0.8032099
-1.422293
0.8567238
0.4510593
-1.259727
-0.7247221
-0.5993721
