0.1277658
-0.09467022
0.5998693
-0.3140691
-0.5416826
-0.2420835
0.1016388
-0.7891716
-0.1196298
-0.006944123
0.7218407
0.9716498
-0.1824626
-0.710042
-1.031118
0.7306428
-0.5605923
-1.036379
-1.0287
-0.3817046
-0.3650846
0.4560574
0.8184424
-0.254461
0.01561603
1.14585
-1.27973
-0.3251328
-0.2357588
0.002910168
-0.6374543
-0.2172575
-0.244759
-0.1473404
-0.03418639
-0.2054678
-1.467084
0.9275935
-0.6238995
-0.9542531
1.639049
-0.1386892
0.5176929
-0.7147584
0.6809695
0.008726658
-0.6161386
-0.1964038
1.044465
-0.03074488
-0.3633039
0.1993735
-9.831993e-05
0.1132622
-0.102349
0.1270031
-0.5087954
0.3028666
0.3882539
-0.9813308
0.2363204
-1.191677
0.3409792
0.392272
0.1454329
-0.5161425
-0.01536533
0.01560518
0.05968648
0.2272841
-0.5373249
0.658939
-0.02532416
-0.5053279
-0.2288788
-0.7718778
-0.009090749
-0.7546692
1.365233
-0.5584929
0.1920324
-0.6028151
-0.4009557
-0.1895619
-0.9834142
0.8544507
-1.591809
0.288968
1.226088
0.2815776
-0.5945987
0.8936726
0.2645506
0.6084815
0.2933698
-0.4756554
-0.3734026
-0.3447766
-0.5554686
-0.2255542
-0.6763798
0.4271486
0.2715532
-0.02814146
-0.2290969
-0.06685818
0.5864682
0.4948535
-1.903718
-0.5986355
-1.413897
-0.2844426
-0.247093
-0.03925859
0.3111678
0.2451014
-0.5390638
-0.7129762
-0.3235376
-0.7723695
0.305971
0.1914558
-1.303755
-0.3566085
1.287621
0.7513393
0.5185128
0.2211154
0.6336808
0.3175392
-0.942583
0.8989473
0.9228861
1.572216
0.4962744
-0.5167793
-0.3683348
-0.1593602
0.599606
-1.077225
-0.5302765
-0.1776996
-0.8556935
0.06871416
0.2111172
0.02557445
0.2089888
-0.2539906
0.467588
0.7889035
-0.6359388
1.054163
-0.85488
0.5864767
-1.483893
1.383391
0.539835
0.06952425
0.6678263
-0.3094547
-0.6803098
-0.6293228
-0.546231
0.8156489
-0.3403
-0.03496584
-0.6961252
-0.05951108
-0.2703701
-1.222119
-0.008189998
0.3183724
-0.2997598
0.2877624
-0.006339834
0.219019
1.363226
1.379223
1.448965
-0.4003577
0.4163442
0.2146686
1.314901
0.4355714
0.3591798
0.3805189
0.2358931
-1.080446
-0.5003019
-0.6266161
-0.9998036
1.55726
-0.9546382
0.7227305
-0.2215137
-0.05441151
-0.01851283
0.6847026
-0.1296124
-0.3765948
0.1382939
-0.1624215
0.569282
0.5632905
-1.069425
-0.5757139
0.007864384
0.1054768
-0.2682565
-0.4622452
-1.028793
-0.5655999
0.2476197
0.007756403
0.03217048
-0.4268003
-0.3298566
-0.9884181
0.4207456
-0.2037316
0.1464006
1.057405
-0.09623468
-0.05500923
-0.1596561
0.01595356
-0.1173098
-0.3844241
-0.518293
0.4820864
-1.56327
-1.750304
-0.03071107
-0.4898739
0.09895892
-0.6475759
0.3165464
-0.6779953
1.34893
-0.3206201
1.157191
-0.1475686
-0.04228007
0.2262512
-1.218553
0.6921256
-0.2294633
-0.1382361
-0.07733297
0.07719942
0.6302708
0.2753579
-0.4821881
-1.722669
-0.7398456
0.01184207
0.2270605
-0.1195762
-0.0003656811
-1.357319
-0.03569069
-0.6948084
0.7275136
0.5599762
-0.4193938
0.0483761
-0.9199397
-0.5548633
0.8668964
-0.718223
0.2013823
-1.144764
-0.3618115
0.5946563
-1.531803
0.4749846
-0.856756
-0.5832818
0.1137256
-1.476349
0.1294557
-0.2238663
-0.2865397
0.2426205
-0.09655445
1.252997
-0.8651429
-0.0685198
-0.3837585
0.1612017
-0.179315
-0.5276914
-0.4664429
-0.07096854
-0.7023532
1.282537
0.6989472
0.11181
-0.8377791
-0.5276138
0.4551416
0.9971821
0.05056881
-0.6175948
-0.06766217
0.1617521
0.7900582
1.208591
-0.04475271
0.009109751
0.9578968
-0.3125809
-0.4895342
0.1996738
-0.2676158
-1.286229
-0.6980534
-0.5146275
1.001854
-0.5161924
0.5250902
0.8119218
0.785871
0.6054061
-0.02594498
0.1989813
0.1590541
-0.8041309
0.1645595
0.08934486
0.9459379
-0.5240982
-1.121858
-1.23144
0.2902855
-1.28899
0.2939896
0.619794
-0.03654706
-0.2254171
-0.9945227
0.123586
1.469522
1.234106
0.7963769
-0.4922812
-1.356012
-0.09276914
-0.04586237
-0.4001612
-1.210415
-0.4541497
-0.3701711
0.2420451
0.5660839
-0.4920578
0.8045623
0.09865018
1.692396
-0.1759553
0.9214168
-0.06723176
-0.04030807
0.8918827
-1.560578
0.3386956
0.7307582
-0.2906821
0.6622688
0.5863647
-0.3334264
-1.036785
1.326654
-1.74172
-0.7216049
-0.8433944
-0.5507697
0.09364249
0.2259685
0.7078
1.867479
-0.07893631
-0.7408652
0.06670632
-0.3380439
-1.886843
0.4163609
0.2915435
1.25474
-0.3697904
-0.9660747
-1.125278
-0.4111488
-1.257112
-0.7242222
0.8624991
0.6854176
0.3311724
-0.5187718
0.3924082
0.3990916
-0.6289843
-0.1560369
-0.7455008
0.6552818
-0.2287361
-0.1812437
-1.029627
-1.247764
0.02061311
0.1680442
0.2035142
-0.3098858
-0.2488394
0.7574436
-0.7416956
-0.2848726
0.1671237
1.236994
-0.2414989
0.4812151
1.570032
-0.3249512
0.9813305
-0.05283172
-0.04909095
-0.1486597
1.214172
-0.5958404
0.7078682
0.4006064
-0.7200166
-0.3241802
-0.005459842
0.7603735
0.1192055
0.3881103
-0.6343207
-0.6242564
-0.5139019
-0.2265924
-0.041735
0.5539851
0.7712672
-0.4567684
0.5995632
2.457698
1.180938
-0.7478482
-0.1319167
0.3186039
-0.5388242
-0.9546147
-0.2735557
0.1236516
-0.1742517
0.2012284
0.7198744
-1.188859
0.0706163
-0.3400607
-0.6518233
0.1243374
0.3713653
0.1021387
-0.8241608
0.7047059
0.4583657
0.04687386
-0.198412
-1.42413
-0.5443715
-0.09140605
-0.06235618
1.086679
1.493353
-0.3409059
-0.7804352
0.8404877
-0.1829537
-1.062736
0.2088341
-0.08120091
-0.4489669
0.3027062
-0.1079435
-0.3780243
-0.1262656
0.3234068
0.7230249
-0.5281607
0.1585795
0.1356478
0.1610884
1.297762
-0.00509008
1.043834
1.364184
0.2315028
-0.0757922
0.1227653
0.5831893
-0.02630063
0.9890873
1.153427
0.05697106
0.07920452
-0.4899604
-0.1293508
0.1543851
-0.5999962
0.1292184
-0.8430545
1.286808
-0.9475126
1.107227
1.17824
-0.05376015
0.6096094
0.704174
0.5679049
0.9489571
-0.4270528
1.364523
0.5683926
-0.4128114
-0.3687322
1.141981
-0.6512652
1.140325
0.6990592
-0.9561792
-0.4526528
0.8132736
0.1324622
0.8346205
0.4256491
0.07760459
-0.544998
-0.6322649
-0.009507983
-1.003928
0.3228452
-2.126752
-0.1507265
0.3332303
-0.7292437
-1.205707
-1.207231
-0.4248806
1.000581
0.5429441
1.206029
-0.09608066
-0.3015116
0.6356505
-0.0103272
-0.3889461
0.6246356
1.160883
-0.101852
-1.211954
-0.8385585
0.3980081
-0.7499609
0.9206386
-0.9796391
0.275451
-0.3920871
1.305416
-0.08860363
-0.04071333
-0.07803532
0.1253767
-0.1619597
0.2899271
0.6517823
-0.2001001
0.5094966
-0.3650983
-0.2957709
-0.05139732
0.1972826
0.8618463
-0.4987952
-0.1359029
-0.9463122
-0.4969005
-0.2976177
-0.4654757
0.4726835
-0.594492
-0.189931
-0.1772192
0.4453154
0.6224423
0.1132182
-0.2664662
-1.092794
0.1902724
1.059786
0.08102449
-0.2181111
1.613894
0.8664817
0.5991624
-0.0597838
-0.8771345
-0.7606723
-0.9626618
-1.773678
-0.07174701
-0.729937
0.03622677
0.6534374
-1.493589
-0.2274803
-1.237896
0.302795
-0.846828
-0.7477759
0.5902254
0.9326671
0.8683719
-0.759107
0.1663125
0.5194235
-0.7824942
0.3938472
-0.09949079
-0.08556527
0.04040971
0.6171909
-0.003360663
0.4426208
-0.2614732
1.526767
-0.7625275
1.266265
0.1464291
0.5819441
-0.1125136
-0.5669488
-1.286253
-0.6484383
-0.3379804
0.01150077
0.3609191
1.02674
0.647284
1.458424
-0.6241807
0.2311294
-0.4019365
-0.3919644
0.1018592
0.8960072
1.346425
-0.03707769
1.125649
0.4045445
-1.822822
0.2221069
0.4435059
-0.4690575
0.7308581
-0.2167804
-1.315742
0.08575425
-0.6657738
-1.005866
-0.5359452
1.26823
1.105179
0.934002
0.675102
-0.2465999
1.044805
1.654733
-0.05007353
0.4240452
-0.1640244
0.02818315
-0.5905952
0.03759679
0.2924344
-0.1381655
-0.2483813
0.8921675
1.519271
0.6160831
0.2931147
1.431587
-0.4289632
1.001512
-0.246414
0.1950185
1.016513
1.322451
-0.1393564
0.7192803
-1.702596
-0.5876975
0.3969573
-0.8265241
-0.5078008
0.5385724
-0.7018093
-0.9200717
-0.2486569
-1.532228
0.5627146
-0.9163154
0.5381295
0.2378851
0.1977574
-0.4641973
0.09134312
-0.3387355
-0.605597
-0.235069
0.7374927
0.224045
-0.7245514
0.1489023
-0.559301
-0.8895825
-0.008402776
0.5125945
-0.1829533
0.1407967
-0.2306517
-1.423081
0.3353118
0.1667665
-0.3152455
0.4246712
0.1707867
-0.938755
-0.1635006
-1.370211
0.1103314
-0.2835348
0.5372051
0.1782263
0.4213101
0.4088283
-0.1001349
0.01628228
-0.5863785
0.3947172
0.921183
1.038794
-1.224145
1.683335
-0.1409674
-0.5170752
0.1320876
0.7797446
0.2372516
-0.5510648
-0.955478
-0.439654
0.3788319
0.2059647
0.4189695
0.1815842
-0.1991615
-1.040661
0.7390168
-0.5178408
-1.237927
0.0696518
-0.6494629
0.7462094
-0.2158419
0.2889176
-1.648096
1.10716
-0.8005133
2.097166
-0.201017
-0.1686504
0.2665777
-0.01601417
-0.3595443
0.9810198
0.5449398
-1.161369
0.4741425
-0.5012699
1.087802
0.357536
-0.2036459
1.43321
-0.8085841
-0.2939937
0.901721
-1.627426
0.8116429
0.535882
0.2148936
-0.5786443
-0.9010231
1.188816
-0.3550086
0.2522421
0.5525037
-0.4617676
0.4258565
-0.9256689
-0.6304343
0.4132222
0.4267962
-0.3113347
0.2991098
0.4803526
-0.311386
-0.3386002
-0.5362626
-0.6869713
0.1774007
-0.6508482
-1.180362
0.6524543
-1.685817
-0.7707102
-0.3126749
-0.1966256
1.014199
-0.1930544
0.5822399
0.2594398
0.3579616
0.6293647
0.7363917
-0.9937677
-1.046337
0.7932721
-0.7939242
-0.8259867
0.9950038
0.2637376
-0.3358784
0.9907429
-0.5301341
0.08969185
0.2043587
0.04858257
-0.922166
0.2097682
0.3216243
0.4084431
0.5380878
-0.03599864
-1.183161
0.02292485
-0.6638709
-0.4608567
0.4646384
-1.2964
0.1646807
-0.02960013
-0.09830538
0.1468469
-0.7518249
0.7981523
0.6883252
-0.0946725
-1.191057
0.1812774
-0.1357406
-0.536553
-1.256332
0.1555711
-0.39766
1.346553
0.2507239
-0.08249775
-1.108343
-0.2682882
1.318825
0.1448768
-0.3062383
0.4758634
-0.2727826
-0.6886614
-0.8825151
0.4658072
0.5581386
-0.7584385
0.3345492
-0.217487
-0.04928934
-0.4360827
1.361296
0.4914723
0.2968998
0.5171594
-1.355863
0.2325485
-0.4527621
-0.5448992
-0.7656646
-0.7358395
-1.191303
0.780931
1.216699
0.5721767
-0.1970848
0.625633
0.1347745
-0.516906
0.3094418
0.07012369
-1.132511
0.3734458
0.2222069
-0.006134084
-0.3607429
-0.7789965
-0.80761
0.3722862
0.3607339
0.1900482
-0.3051958
0.2970393
0.4562499
1.762072
0.7515518
-1.106391
-0.8102608
-0.1645048
1.13891
-0.6424272
-0.4066124
0.5066087
0.7368082
1.077304
1.003773
0.3385436
0.1765986
1.109979
1.227522
0.8270757
-0.2627013
-1.040515
1.555699
0.5613693
0.5314966
-0.1370801
-0.137992
0.7303313
0.1556371
0.6921018
-0.6953121
-1.680832
-0.6360409
-0.8371186
-1.149954
1.035559
0.5283579
-0.452386
-0.4349153
-0.5107545
0.3774891
1.044243
0.1650737
1.106224
-0.3228531
0.9268515
-0.8899434
0.1556495
-0.6436921
0.3287536
0.8087468
0.788073
0.09192217
-0.8881398
0.09167557
-1.573554
-0.2834581
0.1580997
2.079519
1.172681
-0.2037629
-0.9184452
-0.4129281
-0.8119604
-0.5824353
0.4497704
-0.164524
0.4390555
-0.3055908
0.6012887
-1.217278
-0.3996926
1.007853
-0.6069678
0.2760689
