4.445122
4.250249
5.116602
3.222121
5.281525
5.760244
5.746223
4.008574
5.246835
5.107406
4.331942
3.933656
4.20869
3.598005
4.491991
3.223452
5.61335
3.85222
4.552143
4.239815
5.361901
5.568864
5.477898
3.288208
3.690659
3.307534
3.426558
4.379138
5.476442
4.361365
3.894425
5.099488
3.835212
4.556275
4.727815
5.32945
4.682703
4.551533
5.688283
4.993219
3.458484
4.262374
3.877857
3.449117
5.054179
5.779488
4.620082
4.347684
3.305698
5.622082
3.833429
4.761375
4.634056
5.26236
4.368358
3.350356
4.493574
3.259872
3.268994
4.850049
3.950266
3.420002
5.107587
3.900644
4.96413
4.169301
3.729089
4.47681
4.858357
3.501688
5.285074
3.516424
5.780508
3.911237
3.813178
4.115865
5.753489
5.135292
5.450699
5.234632
3.333007
5.547834
5.24124
4.983298
3.452483
4.940411
3.298408
4.807288
5.731415
5.636006
3.537195
5.08091
4.86104
4.121895
3.947215
3.88298
5.000714
3.421245
3.561727
3.354805
4.20252
4.099966
5.174662
5.748069
5.566687
4.64816
4.028946
3.565202
5.292008
4.466562
4.561581
4.567272
5.623457
3.393523
3.420068
4.765921
3.687105
3.470904
4.428773
4.17627
4.525709
3.26137
5.620246
4.641388
4.048111
3.549701
3.929401
5.494213
5.147771
4.180868
5.762444
5.754451
5.701122
3.350022
5.226726
5.548889
3.892085
4.563817
5.125399
5.569125
4.809369
5.696361
4.0697
3.452158
3.262984
4.801477
4.975752
5.550979
3.548886
3.522846
3.963767
4.161324
3.817233
5.419332
4.888183
3.676854
4.414606
3.748804
3.40214
3.297531
5.34253
5.046042
4.223672
3.834912
3.857385
5.02151
5.455591
4.523945
5.315205
5.31023
3.594677
5.71848
5.582078
4.438017
4.139417
5.282285
3.318662
4.450212
4.400924
3.362733
4.739375
3.882016
3.884496
3.337343
5.347493
3.293345
4.01136
3.7655
3.663008
4.512833
3.401522
3.339587
4.235058
3.975797
4.603734
3.501376
5.288091
3.284418
3.43557
4.372689
4.96943
3.474959
5.059833
4.058477
4.598233
4.867671
4.611986
5.497042
5.157801
3.878869
3.699653
4.564901
5.580903
3.893666
5.084439
3.917859
4.355927
4.741122
4.589671
4.3693
3.582173
5.548129
5.214835
4.199422
4.944285
4.279916
3.84289
5.242565
3.976103
4.484783
4.380701
5.147122
4.587852
5.398558
5.149195
5.698735
5.117877
4.619575
5.14578
3.821532
4.692375
5.522194
5.625643
5.32554
4.451691
3.406844
4.41485
5.597158
5.117894
5.233909
4.848449
5.784534
4.668942
5.332353
4.594673
3.576006
4.209352
4.96258
3.599894
5.720192
5.16535
4.71162
5.442438
4.19291
5.462463
3.343734
3.252311
3.476252
5.152857
5.753548
4.587885
4.421771
5.169894
3.643107
4.849854
5.309071
3.851646
4.539027
5.667126
5.110255
5.140532
3.40012
4.072405
5.29899
3.634094
4.351974
4.798165
3.649962
4.274901
3.216553
3.323508
5.708549
5.640364
4.288662
5.43165
4.436646
5.182891
4.427154
5.416919
3.688744
4.450527
3.3407
5.458801
5.048319
5.116098
4.981524
3.661263
4.388109
4.469879
5.136828
5.373024
5.670464
4.866696
4.807716
3.955052
4.61752
3.574339
3.453905
3.922125
5.11327
5.57464
3.820068
3.882629
5.346448
3.413638
5.35214
5.761523
4.746019
3.347642
4.488727
5.57242
4.998558
3.497038
4.236407
5.610191
3.935959
4.809184
3.938913
4.828664
4.427735
5.754296
3.775535
3.373186
4.931457
3.727387
4.59114
3.712087
4.408152
5.547893
5.75105
4.178275
3.621045
3.387218
5.429065
3.555121
3.388834
4.719109
3.6531
4.944428
3.936046
4.347937
3.568136
5.425477
4.521814
3.826549
3.882698
5.012619
3.961118
5.359998
3.711806
4.297672
4.679934
4.378689
3.989125
4.857498
5.349478
3.434638
3.531235
5.284241
3.511345
4.785239
5.555239
3.278377
4.288029
5.743062
3.371621
4.835172
3.922996
3.331041
3.608639
3.29765
4.275718
4.244927
4.846943
5.662387
4.824246
3.916979
3.282618
5.719962
4.18614
5.011507
5.400628
3.509344
3.61366
4.858029
3.695489
4.31538
5.499797
3.762903
4.393009
5.703612
5.24137
4.92114
5.24071
4.068245
5.441234
5.086751
4.627899
4.500409
5.067052
3.301172
4.548155
5.735521
5.582018
4.567664
3.798105
4.370159
4.87478
5.207888
5.322446
3.448883
5.633434
4.803989
5.794453
4.446813
5.14057
4.73993
5.401282
5.247828
5.750365
4.730511
3.560266
5.731648
4.290023
3.562726
5.083053
5.26131
5.267358
4.061596
4.870082
5.387384
5.591798
5.176676
4.46276
5.542883
5.67446
4.523648
4.75241
3.643669
4.696827
4.464814
4.18001
5.140952
3.902299
5.536964
3.373993
3.689278
5.314367
4.558144
3.767161
4.462127
3.395668
4.198364
3.986262
5.274011
4.60447
5.137
3.325852
5.112251
4.142547
5.790707
3.508047
3.321378
5.626433
4.970454
4.60018
3.352289
4.089717
3.462434
3.814453
5.055803
5.381232
4.397758
4.743138
3.475724
5.213642
5.576063
4.808687
5.356187
5.540249
5.073574
4.332038
5.13029
3.283776
4.854031
5.783828
3.273519
5.093957
4.953347
4.660464
4.055915
5.166698
5.332341
5.792131
4.432418
3.647328
3.459725
4.985016
3.5124
5.223574
4.761502
5.545783
5.491402
3.817486
3.528872
3.516528
3.607464
3.393895
4.352912
3.467815
4.27041
3.700716
3.811435
5.767684
5.668288
4.754084
4.599856
5.409584
4.861489
4.799634
3.259109
5.56987
4.989055
4.55791
3.72099
5.645066
4.602296
5.703937
3.285122
5.501039
3.428341
5.546253
4.401255
5.721528
4.643487
5.43916
4.488105
4.121674
3.627782
3.250331
4.882518
4.150658
4.691986
4.826265
4.966957
3.865018
3.619798
4.654715
3.405258
3.236884
4.683667
4.619511
4.78864
4.743542
3.486752
4.8079
3.680475
5.798644
4.552807
5.55551
4.016958
5.346334
4.905662
5.380827
4.728615
4.045921
5.500838
5.092329
4.509138
5.270023
4.91393
4.584924
4.125795
5.773783
5.071336
4.521582
3.860094
3.863393
4.107241
3.945071
3.840759
3.497217
4.845953
5.306148
4.19166
5.367381
4.139808
4.794037
4.103899
5.200439
5.510885
3.364743
4.603612
3.913311
5.059552
5.030428
4.191111
5.032004
4.876037
3.550256
3.582687
5.519017
4.398953
5.599355
5.401979
5.129159
5.335805
3.880947
4.21884
5.142067
3.7079
4.744993
5.573407
3.786679
3.330951
3.465873
4.612073
3.379299
5.570571
3.816401
4.254109
4.73322
3.453011
4.196295
5.717708
3.369964
3.456244
4.696412
4.059
3.915046
5.766961
5.053661
5.572374
5.247506
4.466699
3.250351
4.212525
5.211865
4.99339
3.472532
5.733203
3.703078
3.930604
5.25974
5.305426
4.448245
5.655172
4.418408
5.449857
4.640819
5.383899
5.569082
3.816413
5.273363
4.794889
5.440488
3.388301
5.414243
4.261958
3.882202
4.112741
5.709335
5.565356
3.823008
3.954138
3.21564
4.094878
4.891388
4.614098
4.607007
5.092694
4.410739
3.406941
4.684724
4.406617
3.47024
5.210006
3.912424
5.169258
4.980967
3.967019
4.875838
4.081333
5.1192
5.470319
5.498909
4.911989
5.455385
4.56662
4.788714
5.56398
3.275417
4.46851
3.498923
5.141972
3.43648
5.387015
4.317838
4.181065
4.657443
5.025117
5.553963
3.348954
5.304964
5.011015
4.858436
5.32637
4.384748
3.881927
3.736438
3.411659
4.431392
3.906984
4.68595
3.776985
5.694066
3.479965
5.051199
5.037067
4.568045
3.27702
4.126791
4.629919
4.407123
3.99284
3.255511
4.230542
4.830522
4.368897
3.584122
4.407949
4.748673
4.128157
5.519292
3.803884
5.414166
5.320661
4.953394
5.605403
4.280128
5.531062
4.677739
5.312432
3.351759
4.776126
3.893536
4.76459
4.535652
5.408054
4.461332
4.552164
3.333492
4.449635
5.336495
5.042467
4.518
3.926452
5.211252
3.862578
5.678312
4.456164
4.982109
3.486936
4.111621
4.029131
5.613722
5.362084
5.698048
4.911765
5.498499
4.54798
3.325277
4.006969
4.960339
5.185411
3.636951
4.174823
4.256912
3.371
3.83551
5.664832
5.021109
4.979424
4.628917
4.520511
4.91856
3.346902
5.211378
5.150009
4.592798
5.502422
4.414886
3.261763
4.584676
3.795369
3.954334
4.92599
3.668688
5.299125
4.944213
4.333172
4.464967
5.657142
4.437172
5.451806
5.467332
3.450514
4.833932
5.680574
4.271635
4.329826
4.740763
4.806491
5.030076
4.690509
4.258386
4.972432
5.027254
4.097693
5.125867
3.909278
3.419546
5.437289
5.16186
3.401057
4.486992
4.785954
5.757285
5.36571
4.634501
3.894218
3.927792
3.648317
4.158904
5.024128
4.9803
3.282227
3.289943
4.628376
3.84311
5.593899
4.460026
5.15018
3.881555
5.615231
4.714608
4.776808
4.254756
3.794904
4.695071
5.114493
4.139859
4.091348
5.201407
4.700217
4.316705
4.257523
5.281495
4.294967
5.05603
4.798761
4.308221
4.748422
4.886901
5.619037
5.564503
4.045433
3.802448
4.499496
5.410568
4.704563
3.804045
5.491038
5.513022
3.49651
5.161144
4.497183
4.157117
4.081081
3.284118
5.65554
4.200801
5.580223
3.396735
5.408313
5.409366
4.274665
5.265922
3.501945
5.205842
4.129524
4.727034
4.191638
3.522362
4.113215
3.573221
3.583666
3.676545
3.876587
5.406894
3.978368
3.77832
4.791299
5.207688
3.209945
4.786636
3.400893
3.207783
5.504118
5.320723
5.326524
4.330378
4.108529
5.45815
5.617694
3.382737
5.705286
3.421358
5.799886
4.20856
4.4259
4.470195
4.675292
4.133185
5.551907
5.628501
5.0671
3.7306
3.745569
3.447835
3.448615
3.339367
4.543827
5.570548
5.065441
5.548244
5.228269
3.520816
5.428951
3.736644
4.747038
5.45996
5.045033
4.468344
3.402104
4.356838
4.603649
4.216605
4.078863
3.424788
5.212886
5.57852
3.260815
4.705027
4.710211
3.482143
4.449806
5.339591
3.457686
4.705111
5.396541
4.218788
3.457384
4.336119
5.423427
3.989174
3.271584
3.858629
5.461978
4.076667
4.770183
4.769867
4.118509
3.251029
5.348087
4.169426
4.232483
3.970763
3.696025
4.788945
4.741882
4.751248
3.742766
4.449126
3.795298
5.633695
3.319781
4.317249
4.388219
5.145195
5.08405
3.952502
5.025374
3.663246
5.717529
4.471081
4.544494
4.626225
4.593917
3.881413
3.427544
5.37215
4.454228
4.506392
3.768349
3.602115
3.843713
5.522575
4.113719
5.557919
4.657232
3.691127
5.197899
4.573642
5.297777
4.834339
3.372236
5.534288
5.745314
5.289769
5.120185
5.31211
5.364823
4.069148
4.64669
4.609056
5.730412
4.909686
5.218513
5.12335
4.792781
5.707593
4.09227
4.016399
4.599676
5.355779
5.480363
3.684576
5.644237
5.759492
5.495498
4.087176
4.172364
3.357354
5.12913
4.216831
5.535718
5.559293
3.508041
3.649717
3.973204
4.682513
3.630793
5.343261
3.635669
3.583941
5.194897
3.898023
3.985838
4.127517
3.388901
4.084277
5.589918
5.67775
5.535088
4.460557
5.078617
3.73875
5.088012
4.418515
5.7092
3.379703
4.412124
4.377186
5.170791
5.035625
3.840981
4.991313
4.912476
5.556632
3.684844
4.562972
5.234013
3.819779
3.945876
4.101527
3.261902
3.427212
3.868772
5.692543
3.375525
5.218834
5.327869
3.468582
3.395286
4.088023
5.790154
5.071773
4.099903
3.382079
4.551208
4.416558
4.588724
3.69484
5.700547
3.649712
4.727493
5.148254
4.299124
3.574106
5.585533
3.668033
3.508729
5.223395
4.238518
3.437509
3.699434
5.792691
3.692673
3.862179
4.326436
4.468792
3.775313
4.159074
4.693025
4.628631
4.168308
5.587216
3.742832
3.910794
5.267375
5.705024
5.753244
3.920579
4.418448
5.186455
4.45711
3.533939
3.928635
4.171703
4.312286
5.377338
5.11583
5.692147
4.009782
5.524278
3.293367
3.551641
3.397509
3.363134
5.379012
3.556618
3.602908
5.45901
4.341688
5.110459
4.986341
5.033841
5.362481
4.701911
3.77075
4.246248
3.870753
3.490513
4.545198
3.354101
4.956632
3.873601
4.040423
5.31686
4.650103
5.007911
4.472851
3.894213
5.066396
5.552876
5.036757
4.246293
5.681268
5.027959
4.372595
5.280052
3.232707
3.302665
4.755684
5.530707
4.550718
3.828555
5.048094
5.010142
4.567672
5.182223
3.873128
3.566214
4.324393
4.397129
3.270545
3.561526
3.721776
4.986867
3.934472
4.489851
5.31399
5.447806
4.723365
5.467828
3.644117
4.565854
3.770941
5.429931
4.726376
3.560904
3.310853
5.268607
4.112797
3.840857
5.331608
4.284063
4.786007
4.725421
4.463652
4.133276
3.890948
5.298655
5.588552
3.873062
4.53931
3.407761
4.919743
4.792341
4.969295
5.624018
3.252154
5.723358
5.17102
4.158658
4.440963
5.321976
4.07577
4.063966
4.220142
4.685978
4.311092
5.744197
4.050104
3.929246
3.518795
4.390197
5.576873
5.482118
5.294735
4.157275
3.873737
4.705535
4.124802
4.523255
4.95564
3.951617
4.907828
5.426408
5.228255
3.675957
5.207962
4.732146
5.049635
5.418929
5.516702
5.4262
5.41887
4.956899
4.422038
4.804824
4.323876
4.263985
4.511073
3.888431
3.675898
3.377738
4.92604
5.540351
5.406067
4.642361
3.292472
3.64806
3.499937
4.521125
4.416054
5.623781
4.663102
4.683476
4.595247
3.975307
4.241564
3.481975
5.405286
4.111161
3.868181
5.313763
5.256218
5.102485
3.883498
4.099337
4.586485
5.646551
4.391857
5.607469
4.442822
4.041425
3.951637
5.535629
3.978276
4.172461
4.486233
3.90439
5.388845
5.390928
4.419233
4.577979
4.690506
3.578356
4.557773
3.399552
5.791122
4.712986
4.982813
4.136297
4.71587
5.241469
5.691416
5.285399
3.795675
4.268493
4.622981
4.50566
3.920361
3.749482
3.578576
4.000283
4.149456
5.048036
3.442774
5.302651
3.541442
5.468793
4.013929
3.5301
5.787249
3.665774
3.344693
4.518763
4.485578
3.714775
4.54304
4.437501
3.241252
4.322297
4.954146
3.26081
4.442752
5.759232
4.842078
4.113098
3.438433
3.726162
4.606782
3.963853
4.492324
5.231042
5.052004
5.395569
5.188394
5.200106
5.306757
4.472683
4.186345
3.893761
5.698938
4.871929
4.024159
5.261651
5.376404
4.578913
3.423839
4.683002
5.440677
4.995628
4.778444
5.060281
3.511412
5.042122
5.108364
4.322604
5.472172
3.711138
3.642502
3.731681
3.342557
3.396007
4.814006
3.271977
4.396163
5.778501
5.344474
4.51892
5.085897
5.365185
3.660198
4.602266
5.384453
4.835014
4.003876
4.884806
3.687999
3.811517
4.683079
5.527469
4.077456
4.339162
4.589947
5.787198
4.628096
4.750346
4.424577
4.552989
3.466216
4.503706
4.314724
4.548338
5.311859
4.169446
4.878331
5.69772
4.178605
4.129461
4.928398
5.719929
5.249953
5.143561
4.618497
3.707627
5.17573
5.681804
5.018019
5.71915
5.011222
4.623341
4.595183
3.635674
3.482512
3.665829
5.706756
5.743914
3.949412
4.981576
4.008254
5.107494
3.911759
3.55135
5.627375
3.207274
5.732439
5.212985
3.756721
5.241962
3.71894
5.325505
5.053456
4.439496
4.904157
3.577544
3.880944
3.591678
3.928494
4.094551
4.660093
5.359988
3.482379
5.263917
4.964427
3.926676
4.729731
5.660011
4.319468
4.905442
3.722735
5.376625
3.827379
5.264009
5.261529
5.357971
4.04232
5.66675
4.372185
4.184863
3.896144
5.788184
3.605371
3.51892
4.27726
4.735053
3.727292
4.036311
3.664604
3.630773
3.278909
4.051056
4.135455
3.456158
4.243227
5.693989
5.115931
4.372405
5.363674
3.340218
4.995228
5.370873
4.029008
3.596273
4.635863
3.399232
3.63779
5.229651
5.763336
4.408777
5.620925
3.238648
3.994539
4.320438
5.727593
5.487885
3.842647
3.845404
5.137335
5.425131
4.408465
3.302764
5.381731
4.881345
4.186105
4.161373
4.813794
4.467169
3.967621
5.600141
4.401489
5.122152
3.321018
4.729516
3.789319
3.490201
5.224531
5.097955
3.627865
3.878129
4.781667
3.736931
4.003897
5.723581
4.246064
5.369745
4.83498
5.510868
3.927816
4.633339
3.96756
3.711596
4.083743
5.463111
3.654125
5.20145
4.896963
3.244281
5.288595
4.935305
3.690362
4.762572
4.987419
3.777508
4.195315
5.076371
3.470421
5.73165
5.153677
5.652029
3.234889
4.93013
4.754779
5.606958
3.931561
4.346134
4.450192
5.518378
3.315212
4.128398
3.867541
5.035353
3.314924
4.864908
5.249385
4.431954
3.434534
4.99227
3.989755
5.150954
5.687385
3.684011
4.096268
4.55099
4.483385
5.451438
3.248709
3.946566
4.596517
5.793593
5.761618
4.704325
5.476752
5.156338
5.662054
5.418821
4.108165
5.68058
3.392484
4.837871
4.694761
5.410394
3.712798
4.933102
4.560947
5.315856
5.650809
3.710286
4.622123
4.046905
5.072075
3.829494
5.126548
3.47418
5.451716
5.291509
4.519733
3.440598
4.626602
5.130186
5.30321
4.811279
3.30754
4.776313
5.05837
4.527039
5.468946
5.60952
3.330738
3.348803
5.000318
4.90227
3.288367
4.939851
4.808843
3.496586
3.352372
5.463381
4.008168
3.905342
3.594837
4.101724
4.168958
4.364189
4.163318
5.521645
3.293287
5.771376
4.125792
5.105778
4.226763
5.520035
3.975192
5.251168
5.572026
5.582222
5.246091
3.990858
4.684503
3.806198
4.005303
5.091939
5.700766
4.496213
3.903639
5.734291
5.656827
5.203934
4.277234
4.00884
5.229436
3.661081
4.383283
5.69316
5.003014
3.840661
3.24807
3.603602
4.358237
5.694071
3.947551
5.081899
4.34317
3.603246
4.450811
5.36918
3.876136
4.022446
4.496642
3.923972
3.603279
5.424432
5.439366
4.125811
3.396824
4.374653
5.376743
5.238688
3.210081
5.13812
3.349525
4.634085
3.583902
4.653535
5.46304
5.225205
3.814509
5.085557
4.660719
5.383095
3.992744
5.575783
4.277554
3.331625
4.71701
4.405379
5.241082
5.318933
3.591378
3.981863
4.19265
3.429854
4.128813
4.316732
3.868179
5.719266
5.211862
3.449293
4.357756
4.984904
3.248118
4.179727
3.884431
5.298917
4.811013
5.198345
5.186613
3.973661
3.875066
3.758537
5.29074
4.064014
5.680551
4.821005
3.230269
4.167831
4.408957
5.597309
3.271571
5.72191
3.408955
5.639784
4.79605
5.55999
3.377909
4.253362
4.139315
4.620684
3.952085
3.732011
4.144394
4.189467
5.635132
4.373108
3.451162
4.76357
4.43042
5.515122
5.463973
5.322339
4.839486
4.345805
3.978799
4.683541
5.496993
3.586113
5.695073
4.147753
4.271912
3.51844
3.956072
5.546751
3.620333
4.786803
4.415629
4.75913
4.854288
4.201423
3.403811
5.15836
3.683567
5.099299
4.51312
3.767983
4.585454
3.826446
5.755743
5.675331
3.382369
5.613972
4.051038
5.358708
5.639047
4.803584
5.682484
3.264791
3.369952
3.849141
3.429024
3.530516
5.261358
4.386027
4.665897
5.469514
4.737878
4.206738
5.049877
3.831439
3.85277
5.227044
4.432703
3.574678
3.624113
5.349859
3.725179
5.136709
3.950722
5.01667
5.219383
5.061814
3.855989
4.955743
4.610546
4.538768
3.867768
5.050871
4.592855
4.416447
5.107088
3.93393
3.490662
5.56806
4.392953
4.509321
5.694775
3.992537
3.352469
5.637225
3.407568
4.018958
4.413789
5.716
4.122308
4.221125
4.845023
4.182
5.407425
4.429712
3.508239
4.539513
3.728934
4.469404
5.318138
3.752617
5.070075
4.842889
4.159645
3.928546
4.989101
3.62374
3.234891
5.261999
3.593833
4.141694
4.77279
4.23791
4.108632
5.52393
3.902606
5.106447
4.083699
4.568819
3.496028
3.688012
5.388549
3.883935
3.802333
5.058406
4.500729
4.795453
4.638239
5.471749
4.617871
3.571107
3.813229
5.307295
3.675913
4.256382
5.100015
5.283224
3.437788
5.290442
5.107443
4.74319
5.16247
4.829488
4.933073
4.804879
4.504556
4.377135
5.256798
4.257959
3.593271
3.524889
4.338844
4.822479
3.869378
5.545293
3.946068
3.988053
5.192783
4.423812
4.34244
4.042116
3.81951
3.831745
3.415203
5.433902
4.803289
5.55615
3.518361
4.504062
5.599146
4.466395
5.673131
5.70508
4.040352
5.232678
5.13404
5.590953
4.058458
3.278765
5.406236
3.84754
3.737413
5.765275
3.497896
4.833012
5.357164
4.399945
4.408337
4.63429
3.760086
4.565344
3.348002
3.824677
3.878614
4.426219
4.126624
3.739183
4.511454
5.290408
4.415403
4.473274
4.403297
4.497148
5.100608
4.255023
4.539011
5.210513
4.990801
3.551956
3.641436
5.384206
3.955923
4.906345
4.435924
5.015055
5.151233
5.500512
3.785486
5.47186
3.814366
5.370289
4.25398
3.289497
3.482013
5.114498
4.267732
5.671604
4.760205
5.441212
5.705242
5.585997
4.655772
3.425304
4.080142
5.359042
4.029608
3.343102
5.238021
3.952361
5.523643
4.16416
3.638344
3.640393
4.383308
4.224132
4.014087
3.479305
3.519033
5.283618
4.378386
4.812764
4.374398
5.689706
5.597465
4.984876
5.644139
5.508153
5.331871
4.347207
5.529194
4.705943
4.362045
4.343909
3.676997
5.606895
3.993933
4.291608
3.682374
3.489303
5.191018
3.667447
3.857996
4.480474
3.57895
5.61647
5.587275
4.373262
5.169091
4.695658
4.405677
5.079726
3.91005
5.197682
4.428683
4.655993
3.450779
4.898053
4.323577
5.428443
4.073198
4.515723
5.715722
4.216306
3.352144
5.164439
5.35627
4.521563
5.397539
4.955441
4.156848
3.438479
4.598713
4.757489
5.710515
5.644155
3.705539
4.30776
5.262798
3.730037
4.765755
4.605828
3.428571
5.797908
5.289578
4.953857
5.240072
3.217066
4.509185
4.229263
4.228679
5.332974
4.708279
4.511898
5.163624
4.34167
4.40439
4.732016
4.65942
4.866182
3.710721
4.241304
3.482115
5.76769
5.268701
3.337022
3.313619
5.666566
3.84922
5.552316
4.110959
5.390548
4.609837
4.236423
4.323371
5.093779
5.741402
3.599446
4.402733
5.376451
4.671899
4.100239
4.024295
3.917131
5.096803
5.401313
3.368507
3.415151
3.35936
3.280605
4.667776
4.432662
4.451057
5.16895
5.092663
3.884245
4.887263
4.923914
4.032886
3.974615
3.610742
5.703959
5.476873
4.710212
5.426936
5.325033
3.627637
5.454996
4.182777
3.776003
4.466864
4.975404
5.186485
5.468837
4.92032
4.068893
4.445724
5.618879
5.128298
5.337905
4.463706
3.791317
5.751645
5.516568
3.529815
4.380175
4.472709
3.721956
3.903079
3.879366
3.899584
4.141118
5.35838
4.005535
3.749778
3.230175
5.281153
3.887582
3.386899
5.178493
5.023429
5.652364
5.171312
3.889673
4.122531
4.55013
3.804537
5.126442
4.737175
5.355034
3.719054
3.26068
5.509242
5.423796
4.022008
3.625503
5.403777
4.509063
3.515316
3.590966
5.59834
4.366094
5.354924
4.150233
5.606295
4.308241
5.295644
3.251749
4.915521
5.606126
4.919898
5.19679
4.282679
4.173289
5.474972
3.45533
5.143151
5.149849
5.611206
5.40644
5.204926
5.439255
5.21468
5.292402
4.832858
5.46236
3.995833
3.544095
5.534361
3.967214
5.075593
3.283999
4.686151
3.49107
3.295867
4.474423
5.059721
4.056344
4.645477
4.989495
3.411996
3.954504
3.533963
4.919115
5.243102
5.130308
4.921529
5.088833
5.462913
5.135011
4.984375
5.339842
3.536582
4.683742
3.778423
5.637486
4.584643
4.476729
3.738973
5.504521
4.612018
4.894023
3.832217
5.006671
4.355494
5.593465
4.440757
5.576694
3.49446
5.506909
5.79922
5.207413
4.769915
5.004285
5.405915
3.470829
3.485956
5.022819
4.804349
4.432586
5.245979
3.562521
4.925551
4.44997
5.233444
4.811366
5.584545
4.693213
3.699837
5.517919
3.273415
3.852514
3.854117
4.946131
5.01701
3.480288
4.452706
5.035003
4.973187
4.14331
4.956478
4.730691
3.928704
4.474045
3.607772
3.252708
4.528686
5.162812
4.633169
5.651233
3.439632
3.243347
4.721185
4.40098
3.99757
4.091506
4.276931
4.672511
3.895864
5.121234
4.34657
3.280014
3.930918
3.521151
3.225546
5.028664
4.514306
4.847742
4.274746
4.56953
3.216803
4.95619
4.606007
3.552135
4.115584
5.246547
4.334416
4.227309
3.678633
4.757264
4.963494
4.226635
4.367078
5.004626
5.150586
4.331867
3.908434
5.077066
3.640509
5.695588
3.53434
5.208317
3.559062
3.322243
3.451177
3.499142
4.385679
3.772927
5.215923
4.687501
5.304822
5.245686
4.661383
4.272571
5.174532
5.289866
3.335782
5.71794
4.196082
5.379387
3.715954
3.62347
5.051126
4.648383
4.782111
5.382147
4.352783
5.60273
5.72623
4.159473
5.008283
3.693804
4.734877
3.537832
4.331011
4.966451
3.675313
5.081849
5.059414
4.225979
5.037906
5.391353
5.089938
4.169315
5.572552
5.600299
5.561396
5.064974
4.329009
4.569411
5.187713
3.521036
3.322067
5.702471
5.513031
5.171778
3.531089
3.749499
3.963367
5.390917
4.230843
5.228822
5.162087
5.394408
4.30938
4.129325
3.559698
3.950064
5.682234
4.064467
3.819236
4.733212
3.453717
5.573095
5.30749
5.129863
4.890414
4.08607
4.425764
3.242909
4.713264
3.232192
5.343805
5.285512
4.777741
4.607411
4.355341
5.479536
5.792919
5.139106
4.578706
3.398917
5.643588
3.815406
5.451728
5.383696
3.333108
4.763735
3.875389
5.305356
5.513115
4.937997
4.624248
3.290592
5.274477
4.808768
5.036202
4.480477
4.569419
3.443142
4.348339
4.953625
5.297296
5.527884
5.144462
4.14641
4.280127
4.73928
3.684436
3.837619
4.329936
3.839164
4.349503
5.393094
3.206573
3.954553
3.860469
3.47586
3.597664
4.61445
4.119872
3.95099
3.273692
5.737848
3.944185
5.320527
3.318547
5.634442
4.632142
4.033386
3.423382
5.250332
4.292639
4.497253
4.463731
4.3325
4.708023
3.949783
5.583902
3.478869
4.665166
3.258543
4.367896
5.147906
5.099577
5.385242
3.79213
4.123428
4.041277
4.537942
5.634497
5.40571
4.794891
5.411247
4.349724
3.540309
4.054408
4.640335
3.664516
4.675645
5.774222
4.586534
4.453199
4.91892
5.343454
5.398906
3.538224
5.357317
5.392149
3.408078
4.170612
5.27645
3.219635
3.818974
5.680823
3.802935
3.870006
5.105815
5.111699
3.896131
5.71033
4.49595
5.405204
5.109419
4.960789
4.304165
5.0868
4.8797
5.274705
3.238074
3.625337
4.982713
4.778219
5.431604
5.219243
3.282314
5.041462
4.882347
5.499626
5.45339
3.685855
5.248945
3.731615
5.307854
5.452874
4.483822
4.440954
3.416451
3.765184
3.463081
4.531914
3.344731
4.094198
4.400232
3.951388
4.263535
4.829503
5.67462
5.085864
5.234711
4.237316
4.478616
5.609076
5.415402
5.359929
4.830743
4.189204
4.244642
3.885219
3.509167
4.522533
4.368286
4.804232
3.315219
4.73638
5.329098
3.359133
4.93819
4.006102
4.778032
3.812772
4.135853
5.286959
5.591812
5.036943
3.232648
5.394705
5.582464
3.769292
4.374749
3.545019
5.02035
4.483308
3.835838
3.382269
4.205161
5.646509
4.435971
4.694181
3.959163
5.032858
4.439623
4.565558
4.001582
4.184974
5.733904
5.12435
3.586348
3.791131
4.749409
4.291781
4.118577
4.795349
5.664459
3.992475
4.660192
3.86938
3.86908
3.270264
3.770176
5.382071
3.864564
5.77441
5.134179
5.778577
4.470759
3.209636
5.259515
5.776608
3.322699
5.131891
5.286829
4.02157
4.551647
4.609416
5.466419
3.607692
4.57064
4.515165
4.841813
3.391375
4.396227
4.172318
5.760672
5.208094
5.712844
4.231195
4.020005
3.533948
5.380315
5.70766
5.767043
3.779742
5.05933
3.579508
4.094619
3.465629
5.36723
5.263763
4.49995
5.370561
5.027638
4.451949
3.293567
4.626242
5.694947
4.581602
5.326572
4.701656
3.217797
3.622718
5.579475
4.330178
3.928194
3.695535
3.38246
4.539065
4.358114
5.282873
3.57605
3.561317
4.749158
5.483754
3.328604
4.666593
3.911988
5.285452
5.026675
5.06739
5.577627
5.19236
5.787364
5.742238
4.483953
4.940171
3.200006
5.108278
3.801427
3.922783
3.698743
3.592159
4.914713
3.812386
4.992524
5.670135
3.867341
4.729317
4.490908
4.272979
5.530513
4.882217
5.469278
4.306116
3.880093
4.770013
3.201971
4.518652
3.210218
4.135786
4.6365
5.614408
4.346346
4.608213
3.95161
4.773797
3.330786
4.3295
5.693939
4.28903
4.363082
3.354154
3.889415
4.035101
4.225825
5.201677
5.251574
3.944018
4.436602
3.40976
5.334432
3.926395
5.350135
3.463334
3.400466
3.227941
5.614269
4.626743
5.666489
5.477614
4.290124
5.702883
3.433661
3.332901
3.461306
3.557845
3.739218
3.995349
5.159207
3.574323
5.552843
5.526354
5.75624
3.222598
3.763512
3.447477
3.68793
4.59489
5.075501
4.691709
3.788055
5.55621
5.602356
3.981265
5.080893
3.876611
4.149115
4.726423
3.509551
5.725401
5.658192
5.342858
5.246009
3.31795
5.244846
5.635457
3.671515
5.397303
3.251265
3.902701
4.016979
3.614311
4.946319
4.518667
5.267645
5.722389
3.200487
4.27457
4.920397
4.917634
4.902473
4.579763
3.966932
3.32952
5.584358
5.777845
4.800917
4.805387
3.423386
5.556011
3.880638
3.665435
4.283452
4.300139
4.79777
4.589019
5.027048
5.606566
4.962955
4.855085
3.721573
4.521157
3.74829
5.429847
5.664993
4.43726
4.812178
3.307013
4.287385
4.640962
4.150475
3.701347
4.260419
3.851925
4.159258
5.323868
3.801132
5.524812
3.927319
4.467427
4.629236
5.609442
4.932599
4.420401
3.332374
4.499464
3.426946
4.405339
5.465638
4.62151
3.813491
4.466817
4.089942
3.289728
4.698122
4.203206
5.462656
4.956882
3.280657
3.406032
3.869815
5.510144
4.306816
3.714203
3.750567
5.262844
4.979106
4.308379
5.227038
4.650813
4.792659
3.694096
5.383467
5.149067
3.492464
4.624346
3.801015
5.282125
3.377525
4.071449
3.394914
4.17482
3.275699
3.319684
4.008375
4.885466
4.18275
3.985612
4.962123
4.980525
3.210567
5.571013
4.423798
4.879122
3.980524
5.197704
3.450803
4.180427
4.442712
4.832706
5.595339
3.324802
3.574776
3.517797
5.227251
3.496357
3.845886
5.753661
5.054301
3.348563
3.280569
3.617532
4.786793
4.525275
4.305415
4.945374
3.465841
5.068241
4.767741
3.51187
5.678203
4.203689
5.19747
3.256453
3.540367
3.788458
5.784881
3.502061
4.622606
3.849227
5.799866
5.255585
4.30901
5.010813
5.551139
5.018448
3.605517
4.761481
3.988957
3.518884
4.474494
5.131965
5.407627
5.277429
4.109312
4.302604
4.577669
4.777764
4.546186
5.782472
5.751876
5.312432
4.773807
4.031321
4.708629
3.946638
3.38995
5.014965
4.698032
4.411729
5.225317
3.541865
4.734032
5.746248
3.426283
4.741339
5.266137
3.257191
3.399327
4.559031
4.236534
5.136317
5.288419
3.566194
5.371593
4.73244
5.788059
4.731658
3.449411
5.405001
3.45639
3.756207
3.642403
3.848026
5.778227
4.681459
4.778007
5.207794
5.689144
3.960796
3.492401
5.136367
5.5664
5.568448
5.035304
5.637124
3.840413
5.222831
4.564818
3.921454
3.964837
4.506511
4.064209
4.681658
3.300372
5.065814
3.296131
5.735594
3.416203
5.638589
3.67536
3.975501
4.409153
4.100906
4.072628
4.49438
3.320062
3.574275
3.964505
4.031509
5.154615
5.390982
3.711964
4.38795
4.063569
5.049036
3.326305
5.267517
4.042555
4.754692
5.620203
4.005832
4.610012
5.58388
4.613662
5.663099
3.89927
3.949122
4.077991
3.595362
5.638583
4.327981
4.00498
3.925758
5.28111
5.693064
4.913415
3.729946
4.106136
3.377247
4.048064
5.273376
3.610063
3.959788
5.2996
5.111497
3.902401
5.135902
3.51647
4.551046
3.653271
3.701521
4.576924
5.374891
4.612518
3.320502
4.886745
3.948753
3.723522
5.237625
5.024776
5.629502
5.111068
4.714399
4.966067
5.289939
4.610521
4.577433
4.303956
5.667996
4.21322
5.187798
3.235956
5.342181
4.878493
5.656165
5.501129
4.144501
5.413722
4.11264
5.31817
5.015073
4.443803
5.528071
5.724866
5.131698
5.216849
3.36928
4.110157
4.69201
4.890896
5.747572
5.69027
3.69741
5.688111
5.690946
3.684029
3.923098
3.376303
4.087128
4.35125
3.705203
3.945815
3.255072
4.546379
3.28924
5.658568
5.561675
4.221669
4.554202
4.901718
4.251583
5.46501
4.041435
4.991671
4.065901
4.293414
5.049401
4.479247
4.604375
5.030547
4.085464
4.508537
3.86126
4.416215
5.134993
4.258873
4.207209
3.921814
4.859356
3.505359
4.974939
4.677418
5.393801
5.415743
3.379527
5.394505
4.42293
5.374137
3.887908
5.159069
4.984207
4.07706
5.631927
3.581795
4.541377
4.674864
4.839576
4.178648
4.551347
3.471477
3.743324
4.056231
5.699227
3.593912
5.733906
3.695969
3.548058
3.731066
5.539505
3.321714
4.943222
4.051188
5.42674
3.529984
4.415074
5.61113
3.897885
4.880152
5.036527
4.577663
3.280383
4.486238
5.772716
3.803403
3.594858
5.092819
5.339653
4.978522
5.26953
3.762554
5.339017
5.468179
3.393446
5.56437
4.629126
5.297826
5.069569
5.380232
3.728784
5.053475
3.241581
3.754132
4.346487
5.665856
3.362657
3.874097
3.602345
4.141715
5.176161
5.505821
3.97042
3.221008
4.698021
3.989969
4.884216
3.849551
4.594773
5.459853
3.531291
5.010629
4.608816
5.276407
4.833289
4.498102
4.165362
4.847628
3.257133
4.223998
3.879033
3.859355
4.742655
4.778791
5.188935
4.436097
5.602305
5.492855
3.342664
5.171745
3.418737
3.67986
5.603359
3.878987
5.40647
4.239713
4.739524
4.525511
3.206838
4.364505
5.239323
5.272137
4.700769
3.423518
5.175149
4.745215
4.219273
3.866836
3.833236
3.562759
5.125052
4.727704
5.717379
5.254011
5.488362
4.447286
4.898168
5.231173
5.658104
3.575642
3.285201
3.217407
3.774196
3.589641
4.344221
3.989622
5.472512
5.220462
3.208933
3.898843
5.284405
5.720005
3.422343
4.860678
4.13485
4.478626
4.238804
3.395234
4.308644
3.224147
5.592843
3.328238
5.096163
4.850227
3.975009
5.143193
4.641887
5.553279
4.230662
3.525782
4.662256
3.224833
3.938984
5.549582
3.23644
4.039413
4.709875
4.797621
3.243254
4.207105
3.369468
3.796448
3.975347
3.655609
5.431296
3.369768
4.871406
5.790304
5.648657
3.381182
4.140271
3.833502
3.962282
5.155132
4.38147
3.23962
3.883624
5.479061
4.212356
4.465502
4.71388
3.813042
4.038557
3.207055
3.534265
5.220183
5.557722
4.290345
5.792385
3.943313
5.619792
4.830016
5.58196
5.374032
4.888034
4.280382
5.554535
5.391446
5.745609
3.259816
3.244049
4.741535
3.322442
3.669094
4.223431
3.581123
4.692564
3.409899
4.078122
5.161785
5.125411
3.618498
5.320366
3.466934
5.66311
5.668959
3.919833
5.343207
3.746409
3.274568
5.224722
3.81965
4.431587
5.262556
3.473409
4.046042
5.004559
4.887929
4.237963
4.675997
3.461335
4.743722
3.541184
5.347012
3.936086
3.671238
5.398197
5.657113
3.34237
4.447568
5.18912
5.362796
4.231586
4.999127
4.813354
3.878645
5.523851
4.911319
4.179846
4.859946
5.444434
5.306061
4.0322
4.238592
3.57413
5.064682
3.692911
4.147909
5.77921
4.968866
3.566387
4.078184
5.47159
3.669791
3.782064
5.329774
5.716427
5.43023
4.212456
4.094694
3.669976
3.389821
4.590894
5.507547
3.559681
3.917525
5.62776
3.237059
5.361785
4.285123
4.722336
4.895278
3.789152
5.650455
3.240772
4.064574
4.753949
3.282124
5.118147
5.252304
4.485589
4.110004
5.398952
3.220251
4.762378
4.333156
3.416105
5.275462
3.911305
4.926723
3.583743
5.587311
5.44242
3.486764
4.416444
3.646293
4.808735
3.683834
3.514113
5.525346
3.998776
3.216918
3.251434
5.332182
4.373276
3.55654
3.831725
5.197652
4.161927
4.956959
5.228219
3.851111
3.372226
4.43128
5.198572
3.622246
3.532231
5.553304
5.591699
3.932106
5.19918
3.387692
4.827405
3.467837
3.473647
3.540508
5.249581
4.95093
4.642833
3.278191
4.2371
5.348643
5.086304
4.85832
4.624526
3.480176
5.299494
3.458357
5.123118
5.569396
4.240434
3.948328
3.392018
3.399687
5.510028
4.060303
3.479403
5.442769
4.74199
4.104512
5.642289
4.747658
5.251351
4.330436
5.039489
4.746293
3.340057
4.587501
3.778386
3.977797
5.038448
5.413641
4.040137
4.547449
5.571038
5.286181
3.638476
5.011432
3.494358
4.385335
5.111932
3.564369
5.730011
4.621537
4.918784
4.914981
4.003736
4.4964
3.691896
4.525435
4.367468
3.667133
3.692578
5.264254
4.297199
5.431506
4.351157
3.780216
5.606837
4.663919
5.5503
5.777653
4.738758
3.540081
4.245153
4.151633
5.411649
3.328262
4.711907
3.273987
5.040838
4.122379
3.836562
3.740236
3.253692
3.802974
3.574907
4.151326
5.729134
3.7861
5.499199
4.555945
4.204192
5.225536
4.291089
4.487672
4.692463
4.10748
5.281793
4.45393
3.813679
4.12426
4.266525
4.170605
3.51086
3.92142
5.561127
4.49662
5.154746
3.267679
5.797912
5.169541
5.427995
5.563214
4.083981
5.359061
4.891301
4.203686
4.148052
4.184279
4.826117
4.256905
5.105855
4.075913
3.459682
3.441192
4.049794
5.456576
5.693138
4.844222
5.647128
4.641632
5.777692
4.176841
5.530438
4.166341
5.460401
3.788298
4.74135
5.644461
5.057068
5.726868
5.76599
3.657338
4.139442
4.512476
3.56216
5.333226
3.296358
3.214894
4.688152
3.791177
5.158985
3.526854
5.103924
5.479528
5.721258
4.439672
5.384793
3.966969
5.582795
3.63528
3.256935
5.240924
4.566087
4.662309
5.208478
4.113847
5.566429
5.080609
5.000279
4.880196
4.344363
3.663506
5.537388
5.30151
5.047785
3.875447
4.141988
4.716452
5.519555
5.638359
3.547354
3.222169
5.705364
4.26955
3.23874
5.764423
3.754621
4.650186
5.199711
5.256693
5.209986
4.19645
3.217141
5.418862
4.572422
5.154051
3.268858
4.259095
5.551008
4.071726
3.279226
5.055762
5.704828
4.356499
3.722253
4.613925
4.397587
5.026641
4.261458
4.56302
4.013068
4.462882
5.034413
3.878016
4.538464
4.70597
5.735183
3.791486
3.887329
5.483006
4.591112
4.313298
4.233246
4.695439
5.709502
4.010831
4.179523
4.110855
5.371613
4.319889
3.261174
4.836275
4.150179
5.187848
3.630427
5.523595
3.340992
3.397947
5.360894
5.654595
4.205442
4.046094
5.594523
4.222769
5.705046
4.430357
4.626668
3.450015
5.344566
4.529679
4.144596
4.452473
3.267986
5.014674
5.181761
4.962888
5.470659
4.224446
5.316427
5.378362
3.365134
3.365825
4.12421
4.147406
3.659588
4.612263
4.255247
3.786506
5.526601
4.830331
3.560081
4.423951
4.945888
4.803473
3.260732
3.557607
4.192559
5.076156
3.321664
3.456213
3.305876
4.415836
5.151817
4.234406
3.793363
5.775629
4.327578
3.810467
5.291398
5.436819
4.819823
4.557384
4.260463
4.461898
3.408034
4.272558
4.136381
4.888241
5.712712
4.885176
5.39007
4.626943
4.100344
3.738961
3.763948
4.59917
4.847301
3.332824
5.731444
4.734108
4.56938
3.323601
4.777912
4.118079
4.419513
5.361047
4.716626
5.354273
3.443996
5.012281
4.270445
4.300875
4.18671
3.907999
5.646664
4.360491
4.664804
4.090944
4.250462
5.486587
5.021381
5.016578
3.508648
3.985082
4.81844
3.358041
4.173714
4.42721
4.193382
3.810507
3.476142
5.474332
5.186724
3.334478
5.503707
4.008393
5.476541
5.429981
5.097862
5.455894
4.059721
5.745572
4.089055
4.757234
4.151753
3.857275
3.337392
4.174369
5.696657
3.290152
4.482824
3.662733
4.199127
3.875488
4.844777
4.145286
3.398963
3.636277
5.756738
4.229761
5.339619
4.374618
4.487493
3.327066
5.503054
5.429116
4.38636
3.747928
3.332964
5.349296
5.776712
3.408977
5.146801
3.241587
3.394098
5.174615
3.872662
3.892632
4.425244
4.243305
4.198085
3.89691
3.484643
4.661293
3.2491
3.577991
5.209109
5.088977
4.228974
3.297515
5.017591
4.184171
5.465226
3.572369
4.661269
3.681372
4.027084
5.341427
5.350153
4.11542
4.475399
4.379305
4.846119
5.600159
3.375535
4.642439
4.12855
5.24059
5.515596
5.244465
5.403078
5.118346
3.944749
3.664823
4.571828
4.664829
4.586013
3.739449
4.980803
3.516245
5.176616
5.211168
4.547965
3.347012
5.224631
4.212802
4.253637
3.412067
3.82969
5.433463
4.239609
4.177979
4.982885
5.728493
4.232019
5.47181
5.011484
4.37832
4.950171
5.351812
4.557546
5.067487
5.622672
4.863466
5.241255
5.188976
3.285911
4.511394
4.161012
3.353007
3.241308
4.721633
4.263661
5.726839
4.959363
4.041681
5.271833
5.059438
3.753178
3.364974
4.968667
4.304698
5.597497
5.146992
4.359832
5.760843
4.930218
5.284625
5.34976
5.539018
5.784114
5.196957
4.628798
3.854494
4.639551
3.360202
5.733908
3.310067
5.775007
4.425036
3.343244
3.781442
4.141144
4.487306
5.514461
3.618217
4.912406
5.550559
3.983862
3.864006
4.236251
4.13846
3.377354
4.22302
5.449346
3.881011
3.490295
5.257609
3.726603
3.539894
4.844509
5.571573
4.607022
3.586785
5.765063
5.250422
4.825298
3.806499
3.817452
4.070686
4.92078
4.554279
4.625106
4.72675
4.345852
5.761847
5.321156
3.373925
4.975084
4.208108
4.008855
4.417144
4.495753
3.707331
5.321205
5.111768
5.746996
5.419438
4.534514
3.738342
5.707008
4.362244
4.122616
4.041992
3.648865
5.639796
5.16241
4.633604
4.688655
4.968441
5.739523
4.726971
4.743908
4.349723
3.263168
3.255009
5.646287
4.477737
4.422478
4.652948
3.419846
5.56765
5.690113
3.507268
3.343662
3.366846
4.65608
5.617522
5.196303
3.422536
5.574042
4.580038
4.757786
4.037217
4.201781
3.23382
3.420759
5.01325
4.172654
3.551434
5.203174
4.022538
3.636564
3.575744
5.655685
5.261945
3.880123
5.195715
5.523459
3.34558
3.800749
3.734964
3.304149
4.35799
5.385583
3.333628
4.316552
3.27401
3.48176
5.500647
5.398213
5.5664
3.697362
3.292477
5.579114
3.301328
3.668808
5.604487
3.780404
3.410616
4.978048
4.838439
4.288118
3.393394
4.487421
5.044073
4.985248
5.304853
3.737372
5.183586
3.43651
3.493647
5.345154
3.423646
4.841538
4.882093
4.674964
4.094422
3.405445
5.773456
4.989369
4.045253
3.919333
5.395321
5.139071
4.297873
3.534875
5.337507
5.022265
4.614936
3.713704
4.237454
4.082908
5.617564
3.312702
4.000249
5.318679
3.615974
5.133281
4.190322
4.352466
3.917444
5.331337
5.695933
5.101889
4.058913
3.656183
5.036282
5.406886
5.471066
3.743697
3.972293
4.330684
5.257765
5.545993
3.483282
5.782559
3.852431
5.614116
3.324259
5.497086
4.597095
4.919338
4.765706
5.211103
5.762664
4.14804
3.844926
5.475988
3.620312
3.423748
4.291028
4.552547
4.93313
3.466469
5.62553
4.115216
5.617287
5.693059
3.756711
5.030946
5.378611
4.566616
5.060267
3.757658
3.754774
4.423185
4.998073
4.991069
3.988134
3.841407
4.811223
4.239839
5.546322
4.378066
3.725081
4.328252
4.88129
3.359416
4.200515
4.330483
3.245256
4.364611
4.820395
4.144943
4.000725
3.237325
4.614485
4.820135
4.174097
3.739931
4.136533
4.122593
3.407167
5.502075
4.318977
4.944138
4.413365
4.284895
4.550223
4.430457
4.495686
3.345918
4.075081
4.269243
4.663907
4.838879
4.561981
4.853379
4.076559
4.344494
5.209437
4.226652
4.334867
5.394878
3.733401
3.913788
4.169192
4.550983
3.342228
3.739907
5.400189
3.491389
3.245646
5.242441
3.566054
4.386187
3.703211
5.499948
3.265337
3.364376
3.796957
5.295723
5.612835
5.723868
4.575964
4.82311
3.440804
3.760155
5.072063
5.066357
3.319418
3.942324
5.174917
4.621633
4.297787
3.259853
4.586968
4.779273
5.561321
5.579848
4.082058
5.214305
3.380538
5.078958
4.722882
5.726701
3.662796
3.842719
4.52523
5.124876
5.794621
3.305019
5.435011
3.581028
5.591318
5.599694
5.343464
3.708347
5.707571
5.02287
5.504255
4.21238
4.512847
3.275582
3.758819
5.4642
5.318982
4.278611
4.160166
4.982353
5.469995
3.895001
4.5125
3.675405
4.722149
3.96906
3.377572
4.067942
4.844422
4.513138
4.742484
3.417875
4.264869
3.34555
5.700466
5.138348
3.326016
3.963661
5.140605
3.968824
5.110248
4.180646
4.804639
3.869594
4.299352
3.848112
5.428843
5.726417
5.48603
5.311292
5.000983
5.176507
3.725721
3.738118
4.425969
3.658847
3.31105
3.70654
5.381109
4.174733
4.22279
4.622293
4.855649
4.922025
3.645043
3.665495
4.848748
4.52458
3.646501
4.652725
4.772312
5.410412
3.862115
4.749617
5.629478
4.638215
5.520447
5.282542
4.918834
5.169454
4.259714
5.735432
5.002356
4.606801
5.775394
4.072094
3.502523
5.587113
3.862587
4.203135
5.377826
5.683059
3.582329
4.008038
5.153579
3.345589
5.499149
5.785287
4.809385
5.283624
3.691083
3.322802
5.485631
4.023378
4.37769
4.294884
4.063388
4.043863
4.037083
5.708631
5.306522
4.92033
5.439877
4.507436
5.645228
5.727028
3.600168
4.789332
4.405829
5.738975
3.842781
5.703051
5.455377
3.878777
3.824887
4.920458
3.691083
4.543094
3.491582
3.325127
5.060833
4.810877
3.760228
5.393556
5.626338
4.904252
3.369235
5.590155
5.621702
5.617758
5.275482
3.853622
4.159081
4.305667
5.58474
4.630746
4.256263
5.732552
3.986601
4.808866
4.919091
3.494681
4.051616
4.752883
5.770381
5.676673
4.662459
4.087374
4.180629
5.757322
4.673247
4.676053
4.710554
4.168624
5.387983
4.060483
5.344043
3.276604
4.304781
5.4661
3.835911
5.279082
5.399445
5.321191
5.787039
4.126797
5.094826
3.334264
5.367377
5.693952
5.788466
3.538197
4.497659
5.108709
4.105817
5.203517
5.117075
5.762427
4.093011
4.44762
5.507164
4.210181
5.438886
4.73776
5.093892
4.154629
3.576624
5.234695
4.170008
3.28172
4.210672
5.337067
5.35804
4.623492
4.977183
3.446212
4.842132
5.283038
4.808024
4.269929
4.27237
4.565631
4.517023
4.072892
4.461344
5.374851
5.198026
5.136487
5.021537
5.331393
5.250875
5.595371
5.736118
3.338178
3.806203
5.756611
3.872519
3.555271
4.57889
4.043898
5.349037
3.579377
5.176353
3.297301
5.493283
3.592441
4.583715
5.467812
3.675863
3.452347
4.383468
4.464229
4.369498
3.961076
4.686294
3.908379
4.764814
4.933471
4.570605
5.534535
4.675199
4.312924
5.47685
5.084362
4.857687
5.493651
4.456157
5.671345
3.538193
4.126636
4.961998
4.210021
4.994477
4.418938
3.365056
3.206752
3.406492
5.664919
4.018227
3.291479
3.888874
4.642994
3.394585
5.291962
4.812853
4.108347
4.848493
5.317389
3.832767
4.528929
4.651056
3.498025
4.394397
3.441436
3.791274
3.452997
3.955476
5.256324
5.473912
4.399834
4.60288
4.828948
4.99858
4.675499
3.735058
5.4093
5.510015
3.695621
3.675501
4.517533
5.339272
5.619031
3.337207
4.547913
5.727719
4.904117
4.738566
4.51238
4.949683
3.470242
5.021229
3.429394
4.837012
5.101627
3.853301
4.94778
4.231472
4.980755
5.678286
3.634006
3.94503
3.474889
4.625306
3.705625
4.943131
5.355906
3.919733
3.359801
4.173206
4.944449
4.290732
4.557451
4.000621
4.487933
4.536936
3.721225
5.122095
3.580669
4.240795
4.350281
5.481321
4.447532
3.526221
5.350635
5.658063
5.611412
3.686256
5.09382
4.532308
4.904672
4.265831
4.935221
5.137449
3.619697
5.094097
4.627176
5.779157
3.744629
4.278751
5.432437
5.098518
4.74785
4.265385
3.932795
4.0581
3.950723
4.067855
5.566832
4.289735
4.473606
3.800937
3.800758
3.948025
4.672206
5.33992
5.644189
3.555851
3.700282
3.405603
4.318647
5.677705
3.982024
3.939706
5.515513
3.460158
5.126719
4.632254
4.158641
4.505948
4.949474
4.655312
4.089327
3.735473
5.615449
4.437394
3.218272
5.52016
5.014525
4.779999
4.592056
4.813587
5.386673
5.586856
5.616332
4.653305
5.372199
4.86501
3.746371
4.494689
4.37066
3.401451
4.920804
3.702353
5.62631
3.374622
3.816795
4.33404
5.321723
3.896791
5.260344
3.476354
4.490296
3.218883
4.822721
5.019684
5.259079
4.304352
3.383421
5.799496
5.036312
5.521116
3.786373
4.190212
5.737316
3.796714
4.45654
3.448032
5.071757
5.010012
3.871131
4.078762
3.668409
3.303343
4.992725
4.546853
4.789988
3.653611
4.186193
3.531531
3.959985
5.408994
3.52534
5.07768
3.4156
3.202944
3.426878
5.236035
5.112573
5.351628
5.233146
5.611433
5.637217
4.25738
5.349417
3.851897
5.524218
4.259031
4.518576
5.732084
3.881667
5.599007
5.674002
3.852911
4.432016
5.321262
5.662165
4.460723
4.129966
4.660037
4.706947
4.000124
5.42959
3.483906
4.380524
4.824639
3.734304
5.694259
5.106011
3.670137
3.772033
5.789086
5.016468
5.762875
4.948468
3.849442
4.090189
3.735892
4.583033
5.679649
4.850116
4.887029
3.663719
4.687094
3.731126
4.668085
4.933883
5.024636
5.533531
5.353871
5.341421
3.495452
3.650072
3.783654
4.295955
4.894112
4.932355
5.048694
3.284773
3.915269
3.776579
4.643032
3.594456
3.284481
4.945002
3.748724
4.92568
3.88685
3.911971
5.294371
3.64941
4.441703
5.197818
5.304457
3.561653
3.909842
4.575486
3.930571
3.309315
5.049426
3.607146
3.590884
3.404967
4.00079
4.236593
5.423638
5.319173
5.342158
4.942865
3.914034
4.308158
5.365035
5.667842
3.284202
5.435642
4.278005
3.401468
5.261339
4.215004
5.776513
5.446704
5.484566
4.299697
3.359488
4.49283
5.703423
4.984135
3.690622
5.457568
5.387596
5.080354
3.718718
3.54303
4.380749
3.459288
3.79792
5.624193
5.152608
3.842411
3.667455
5.53924
3.840359
5.295767
4.968801
4.752924
3.416999
5.631546
5.589278
4.90022
4.29616
4.977221
4.129474
5.034565
4.570489
5.124604
3.978688
5.556896
3.816634
5.430163
3.39781
4.122058
4.760617
3.969273
5.339718
4.017453
3.813019
5.115005
4.153271
3.436737
4.289369
4.019089
4.804052
5.338832
3.970562
4.121242
5.241625
3.438443
3.279516
3.25521
3.817967
4.792281
5.145147
3.347891
5.464437
3.485875
3.467903
5.278652
4.914664
3.609983
3.297729
4.547544
4.205963
5.302279
3.262353
5.054245
4.44809
4.852666
4.483846
3.967457
4.61174
4.306697
3.539379
5.677272
3.983968
3.580899
4.213556
4.583011
3.892764
4.131468
3.568765
3.275439
5.264551
3.23448
4.077377
3.406067
4.891626
4.530639
5.348416
4.387292
5.050346
3.294231
5.766534
5.68931
5.799262
4.570776
3.759866
3.98088
3.460817
5.404829
5.75038
4.587313
4.858917
3.404954
3.445925
