0.4572333
-1.570819
0.2563366
3.08584
2.253928
1.957881
2.240274
-1.048101
2.884981
0.8257548
0.8599188
4.019842
0.3248372
4.726935
-1.467054
0.1188414
0.7435347
0.5857378
-1.027186
0.6961153
-0.0212282
1.235614
1.913644
3.326732
2.902463
2.44959
0.3517807
-1.880905
-0.6781502
-0.8936677
-0.1736126
0.3433162
0.5689498
0.7059521
0.8742929
1.332531
-5.058324
1.966428
-0.6665938
2.362816
0.7649049
2.077412
0.5194094
0.377011
-1.361751
0.07416096
3.375438
3.776256
2.600205
0.6117837
-0.7930831
2.234006
2.332983
-2.72278
0.6380083
0.02537138
-1.590888
1.027829
-0.6460501
0.4978168
1.27117
2.134975
2.299457
1.5905
-1.338093
-1.056437
2.903446
-1.467905
-0.2977232
1.12532
-0.4904472
-0.6410654
3.750167
-1.567106
1.753459
-0.7576351
-0.4412604
-0.06911693
3.768116
-1.019551
-0.8735716
4.029288
2.975614
-1.38171
-2.872699
-1.924927
3.072623
3.461296
-0.7424815
2.130865
1.809452
2.755983
-0.4233752
0.3265842
2.034788
4.974413
-1.877901
3.426654
0.9430456
1.878585
-0.9421045
4.284671
3.745586
-0.6198945
-1.727931
1.866577
1.147463
-3.196685
1.055741
-3.619125
3.580285
1.618243
0.1074164
1.731175
0.8706457
3.417479
2.978355
-0.5245961
1.00367
-1.502554
-3.772065
2.907461
-0.6133275
0.9943869
2.32469
1.069162
0.8082182
-0.1436628
-1.393716
1.498378
0.7019102
1.514278
2.733541
1.021388
-2.585977
-1.698447
3.488585
0.2563039
1.617147
2.505644
-1.730743
1.359825
2.814377
-1.304275
1.43295
-1.88955
-1.459997
1.018402
1.636033
-0.220925
0.2649577
1.188311
0.4122932
1.139644
3.795688
3.020037
-2.082799
4.716265
-1.31561
0.9687704
-1.292398
1.29631
-1.305091
-0.08871286
1.832823
-0.6737471
1.36506
0.9312401
3.349365
-2.107189
2.846802
-0.1840051
1.18056
1.851889
1.262166
0.7282557
3.705084
6.818966
-0.5709956
-1.221725
-0.8739204
-3.874701
2.547211
0.833706
2.166445
3.385859
1.850446
3.42855
0.5652001
2.42856
-0.5228382
0.9742356
3.910735
1.883786
-1.233882
2.102646
-0.01365227
-1.760255
-0.9151879
-0.4198451
2.269376
-0.3327183
1.84541
5.75074
2.058453
4.281863
-0.6164183
0.8858788
4.454269
-3.514996
2.710851
6.163784
2.44639
1.008556
0.8459598
0.06511632
2.272412
-1.083974
0.6481885
1.613783
-0.4963703
-1.297692
-0.1069028
0.1288105
4.120011
1.059964
-0.63984
3.518679
1.289435
-1.432587
0.3045138
1.632478
2.036008
1.796876
0.2314552
-0.5202332
-0.4348749
0.9920072
1.880148
0.4420082
1.030747
-0.924987
2.848459
-0.4033688
0.08465702
-6.482052
2.252218
0.8895878
0.03161159
-0.6420066
1.113139
-2.275199
3.532795
2.665341
-2.336515
-0.3132444
-0.654437
-0.08726414
0.7517378
2.026667
1.675914
7.013027
0.7696677
-2.176046
2.273091
-0.6322421
0.1505951
0.04688656
-0.9189288
2.186989
-0.6382908
3.210231
4.40105
-0.2949838
1.253897
2.438822
-3.700251
-2.401059
-1.374469
0.8890242
1.587353
4.326465
2.890743
-1.560095
-0.2700295
2.117756
0.3720911
3.540174
0.5597837
0.8236417
-1.825752
3.473013
1.660096
-0.8758976
-0.02636473
0.4362148
3.547961
3.040243
0.6914689
-2.06601
3.309405
1.987405
1.582342
-0.1933014
2.87459
-0.3078209
-1.103691
-1.474982
-0.3967227
0.2533713
0.2595949
1.339824
3.921613
2.304617
0.5987929
3.848909
-4.278642
-2.492128
3.246069
4.46054
2.804575
0.6180627
1.910357
-0.1610522
1.282079
-1.710313
2.623148
2.909562
0.2615265
-1.179072
1.024381
0.8854088
-1.64875
3.804038
0.09503636
2.884241
-2.226174
1.798859
4.426581
-0.264338
-0.1013878
-3.216755
1.727685
4.950564
0.3882691
1.102705
1.569899
-0.9760873
-2.011985
4.042533
-0.1914638
1.765483
3.22768
-3.532512
-0.8209599
2.48856
-1.645535
-1.581519
2.366328
-0.5916866
3.921695
0.5215269
-0.3824059
-2.092181
-0.2270778
1.299217
3.007973
2.725172
2.832489
0.7009133
-2.223433
-0.06291188
-0.4253449
0.8586074
-3.913151
4.002666
1.199063
-0.2375336
2.875268
1.631071
0.7522265
2.619436
1.45669
0.5404119
2.961373
-1.608359
3.720705
-0.4763805
1.638879
-2.02608
0.3650225
2.657579
-2.471912
-0.1077228
0.4391241
3.661766
0.7384958
-1.180042
2.606469
-0.927496
0.1266493
1.311489
3.883708
3.093823
1.675246
1.102592
0.3347249
0.3988918
-0.9167911
2.920155
0.2875869
2.927732
3.296035
-0.5981603
-4.056323
3.840892
3.139858
-2.832961
-1.546326
4.320746
-1.409474
1.906001
0.4688985
1.100878
1.488123
-0.5648943
1.243141
0.7671639
0.9319776
1.576376
0.413984
1.262107
1.314103
0.7829003
-0.7024941
2.002066
3.922716
2.124285
2.230836
-2.579556
2.476623
-1.887658
-0.1810894
2.268922
2.431026
2.701464
0.9114672
-0.7144407
1.216245
-1.752445
2.67613
-0.08048319
1.826269
-0.5671092
3.067867
2.11614
0.07684219
0.5992876
2.576499
-1.196971
4.89995
1.266311
3.72595
1.091473
-0.8582654
-1.159491
-0.1622243
4.363077
0.7694671
0.1598332
1.222877
-1.238508
1.448013
3.717324
1.165111
3.457542
3.862666
0.4777025
2.924786
3.11174
3.349384
2.276128
2.209824
1.195834
3.072071
1.514516
0.5782738
1.378935
2.387574
-0.199278
3.853245
3.146265
2.52073
-1.65615
-0.2352662
4.239072
2.941358
0.3170239
0.4110683
0.09060509
2.590455
1.37772
-0.1959058
3.827379
6.571081
2.957625
6.118385
1.432151
-0.6592722
-0.2012741
3.253793
2.198262
-2.167506
-0.6003548
8.320035
-0.6146874
0.5191949
0.8266835
3.998741
0.8137509
0.5072889
3.89317
0.6688248
5.682812
3.33726
-2.136846
3.496335
-0.6982654
-0.8660789
2.018946
3.188347
-2.899013
2.262901
0.2976591
1.52413
-0.9818578
1.737313
2.017449
0.5334857
3.16765
-0.5631672
1.560796
-2.749031
1.845633
2.877335
3.055728
3.664325
1.146964
2.349704
1.812872
2.844199
1.967886
-0.6749291
-0.01866531
0.5964917
-2.311318
-1.011355
4.888717
0.6318157
0.4343309
1.951201
-0.7105075
1.06124
0.02029658
0.6535099
-2.339275
0.9268761
3.300863
0.2072742
0.1307028
2.773585
3.741437
3.439159
2.811797
1.563752
1.972632
0.8102795
0.2836988
2.034678
0.9976241
1.320549
-0.6273595
0.9360464
-1.323756
-4.338204
-1.665235
0.6462401
4.826179
3.941641
-0.7261566
0.6466375
3.545324
0.5234417
-0.0336033
1.923401
-0.01206975
4.031005
-0.1755702
3.87128
2.706491
1.352391
1.733356
0.2917878
3.047596
0.339849
1.777832
1.549467
-0.2706687
1.99369
-0.3255189
0.130985
2.736588
4.317123
2.701094
0.3240746
4.298775
0.2455441
2.465986
0.6592682
4.028695
2.660592
1.959502
0.0267442
1.351612
0.01131425
1.651803
3.164187
1.796283
2.548298
2.917123
0.9535328
2.210939
-1.748842
-1.457091
0.7865314
-1.975726
0.5622833
1.674802
-2.440414
1.94163
-0.4831052
-3.656492
2.560057
2.090601
4.319819
3.956106
2.97661
-5.998027
3.385239
1.512462
-0.7123133
-0.6456583
2.367172
3.649299
0.9826797
4.789848
0.6452508
2.737491
0.9655735
5.440422
-0.7849596
5.070059
0.6787368
0.1601258
1.840127
-1.660412
0.5796336
-0.06350039
1.093359
4.541979
2.241674
2.383427
2.784515
1.980293
0.265893
1.47836
1.548748
1.215411
3.134674
4.894421
-0.02938123
0.3775896
0.579353
0.2012784
2.336665
2.424094
0.07110308
-1.619021
-1.123186
0.7530464
2.944861
-1.371952
1.89349
4.386134
1.416328
-0.1651011
1.512681
-1.358577
-0.4989092
-0.3557431
-0.8758785
-1.536514
2.03404
-0.4085942
1.129739
1.830153
-0.8199681
3.908677
-1.829083
0.1433614
2.7681
0.569257
1.312644
1.323967
-2.209
0.6783184
-0.6455172
-0.7845186
5.157398
0.5402802
-2.118763
1.637335
2.217924
-1.241349
2.510711
-1.38491
0.8316025
3.186409
2.262098
3.80171
0.2916458
0.4331005
0.61805
1.012974
-1.310947
0.9177318
2.425717
2.065548
-0.6100501
-0.2134124
-0.01666224
0.4497362
3.283838
3.828159
2.868414
1.144861
0.8775429
2.82306
2.569859
-2.676806
-1.672529
3.195153
-1.551831
1.537422
-1.504546
7.209833
2.796095
0.3103858
5.492512
0.6901844
-0.408187
0.4601577
-1.366584
3.366181
-0.0255419
1.097679
2.107305
-2.464012
-0.912781
0.2136465
0.7140826
2.791031
2.807672
1.57545
3.178826
-2.090163
1.83122
0.215821
-0.9555021
-0.9426799
-4.760976
5.068486
-1.641226
0.5298115
0.8774207
1.35899
0.9227892
1.224745
-1.486036
2.768923
-0.4844107
0.3438986
2.900463
2.877843
-1.750017
0.8603896
0.9428015
0.3124053
1.562555
1.155929
2.955585
0.5621893
3.3757
0.9993245
1.86795
-2.227124
1.081221
-1.356334
-0.2747235
0.6237301
-1.335649
2.513916
3.237959
-0.2279504
1.218682
0.07769171
-0.009721236
-0.980895
-1.275464
0.4929283
1.496364
1.094232
3.6171
-4.874885
-0.1439051
0.361491
1.213309
4.22642
0.5843392
0.8258216
-0.2255971
-0.7698515
3.515887
-1.607836
0.4270508
0.6832405
2.49661
1.768561
5.552738
0.8934481
3.239302
1.210738
0.8615189
1.446372
2.561102
2.352045
-2.63769
3.67274
0.2732043
2.31739
-3.357677
2.008182
4.461904
5.578064
0.880514
-0.2362166
1.724319
-0.2117802
0.2395139
0.1034341
3.322326
1.856694
-1.362401
-1.651758
3.580725
-2.440695
0.6140459
0.3199099
4.524121
-0.7482383
4.880217
2.524894
2.338905
3.520542
0.1353371
1.712143
-0.2201566
0.9311638
4.493361
-1.077587
-0.2835005
-1.727795
1.787698
-1.007461
2.505972
-0.2201821
0.9776623
-1.009429
1.057435
0.1220586
1.184
0.5545816
-2.168346
-0.8293368
2.55643
-1.1423
3.173777
0.05173923
-0.9297421
1.576323
4.445148
2.321409
3.324021
2.846725
-0.7112763
2.844182
2.554241
-0.04367563
2.212353
1.088869
0.212972
0.4692629
4.282717
1.537652
0.7781341
0.5662223
2.966887
1.518642
1.739255
2.673871
3.833418
0.6332107
3.082816
0.002529933
4.334374
-2.13825
-1.55843
1.022146
3.888902
2.981882
3.206178
2.378267
3.86714
4.612396
0.6704481
1.728172
3.07828
-0.2750839
2.745332
2.843545
-3.59896
0.395778
-1.238151
0.2902393
2.482499
-0.9447131
1.028055
1.334695
0.2950736
0.6902722
0.1864259
2.418775
3.087446
3.09758
0.9089077
0.03551095
2.159078
3.059799
-1.519689
-0.9958955
0.07061354
1.121277
0.548437
-1.863456
-0.7041401
0.6046167
-0.213829
0.8537359
1.695063
0.9763659
-2.631988
-2.948882
1.228383
-1.041456
-1.588427
2.681969
3.09699
1.262674
1.219025
-0.05075796
2.719075
2.478758
-0.1750628
-1.198311
0.9927877
2.999635
1.654682
-2.259444
-0.03070038
-1.182726
2.576474
-0.1537968
2.059163
2.183661
5.015833
0.7920435
1.939308
3.246806
-0.3901622
2.507588
3.794946
0.9488731
-0.792474
2.274965
2.050813
2.35374
-4.226471
-0.5923882
4.829915
1.497396
3.416051
0.0238463
2.66528
4.840276
1.434314
3.031526
0.9720235
1.097022
2.29238
-1.141117
0.06995644
-0.5409535
-3.306698
2.684548
-1.341356
-0.3191366
2.463731
1.137364
0.3263515
0.9255539
3.242046
-1.108935
-0.009670334
2.805111
-2.00166
2.322979
-3.025885
0.02643045
-1.032688
1.412802
1.85974
2.892513
1.051047
-0.7763271
-1.836919
-2.001227
0.4655014
3.023058
0.5488074
5.684566
3.656219
-0.2823831
2.568057
-1.358207
5.54252
5.035433
1.091073
1.875728
1.321952
2.67483
0.692787
3.341518
0.2221933
1.904901
1.063707
3.378356
2.246221
1.337669
1.954331
-1.795694
0.3588968
0.2990199
-0.5098769
1.997811
4.073763
1.771113
2.142988
1.422921
0.152066
-0.8586306
3.669743
-2.242558
0.5120151
2.878717
-0.5698304
-1.785823
2.435178
0.684882
1.64738
1.821328
3.539766
0.2808078
1.167101
2.32537
1.462729
0.6694553
1.540962
2.577675
-1.424145
3.701891
-2.06052
4.288251
4.099974
4.561911
-0.9950039
-0.1738041
-1.65158
1.126785
-4.258036
2.440904
3.255973
1.834141
-0.7881643
5.12976
3.042924
-0.4282045
3.511246
0.7955921
-0.274324
1.704879
-2.818993
2.087744
0.7561734
3.146641
1.108993
-4.29576
1.697995
-1.141736
0.2683672
0.5620607
-0.5799679
2.311465
0.8489532
1.321213
-0.7626126
1.963275
6.443365
4.401858
2.201675
-1.414142
0.6007559
1.399559
1.19046
5.437557
1.468572
2.016229
2.553693
3.659607
0.8718438
4.623688
4.280955
0.5708409
0.06196953
-1.089829
-1.110442
-0.1569238
2.094562
1.454858
-0.9589056
-0.1197788
0.3558115
-1.517647
4.660451
3.77512
-0.4889095
-0.9895336
-0.6706584
1.40097
1.7935
0.5790511
0.7195331
3.229854
1.527947
2.359568
-0.7606843
-0.8513593
1.41114
-1.880214
3.042624
1.307123
-1.054553
-2.507775
0.2085596
0.08004865
1.08747
-0.3966766
2.558669
-0.7479314
-0.9550689
0.132323
-3.25591
-2.495695
4.256095
-3.426141
2.988074
2.338222
1.400454
3.577851
-1.120649
1.844306
0.6433254
4.513721
2.913045
-2.426756
0.4766862
3.226267
3.418557
-0.3476836
4.583152
3.100797
2.743019
2.618323
2.57222
2.550422
0.4057878
-2.959139
-1.095479
-0.6470569
2.302837
-0.3752588
-0.8528179
1.611071
1.464826
-0.06824754
4.275459
4.059625
-2.229631
1.450336
1.178005
0.3406207
-0.4626391
2.79465
-0.8616865
-1.102708
1.417263
1.467218
0.9028199
5.611178
0.7175862
-2.158263
4.150932
1.413451
3.661037
-1.307193
-0.5751059
5.571169
1.03035
-3.142916
0.2829275
4.45989
-0.5639557
3.051614
3.06623
-0.6217339
2.255498
3.515206
0.9751194
0.07588676
1.233314
-0.501227
1.449038
-1.156949
4.960491
1.698291
-1.415753
-3.310128
2.9242
1.014369
-2.333457
0.7219967
2.382951
0.4935623
-0.9786285
2.962702
2.438482
1.594144
2.716621
-2.552491
1.673689
1.643862
0.4442891
-0.3772208
-0.266312
1.371149
-1.021557
6.167896
5.282582
2.053389
-2.942869
-0.1070898
-1.018311
1.577342
3.417803
-2.289973
3.4348
4.05773
1.952969
-3.464703
2.953901
0.2991421
0.03986602
3.534172
-1.583506
-0.3578191
-3.423032
-0.1975932
3.126683
2.219773
2.753328
-0.167084
1.412672
1.128494
-2.990459
-1.073767
3.089337
-1.664911
4.918584
2.426587
3.46301
0.2966319
-3.510229
-2.498984
-2.237254
-2.435037
1.295624
0.6410425
-0.2038996
4.184228
-0.4998245
1.447388
0.04105516
-1.048871
3.174718
5.081329
-0.4856334
-0.6281377
4.025785
2.080272
-1.647398
-1.302919
-0.6096902
1.695997
-0.3884451
2.041153
3.068482
-0.5469141
0.7292686
3.421405
3.47238
2.141234
0.4032468
-1.257955
1.734784
3.285376
1.097053
2.105981
-2.587872
1.388303
0.000680604
0.1060826
0.8138655
1.680511
3.189258
1.540681
4.856881
2.390226
-1.838302
5.233431
0.1426957
-1.178219
1.303809
0.9319575
-2.148725
3.467621
2.208896
0.4044483
4.718014
0.5995265
3.035856
0.7965462
1.165999
0.4797435
-1.860577
-0.03934495
-0.6484983
-0.3343466
5.206732
-1.599123
3.949533
-0.9342621
1.028081
1.004422
0.8286118
1.804858
6.05087
2.173855
-0.7985591
-0.06836693
-0.3150661
-1.400634
-0.4219536
-0.7627884
-1.230366
-0.4127229
2.743537
-2.841306
1.709806
2.245564
-0.2913075
4.43401
1.320509
-0.0830818
2.227104
-0.810604
-0.05409618
1.206173
0.01398914
-0.6399372
0.9605902
0.0006853981
0.5690902
-1.13245
-0.4924891
2.835732
2.365333
-0.362308
-1.328978
1.000621
-3.785228
-0.5823978
0.2817925
0.8636404
1.617006
1.652979
-0.5138942
3.768298
-0.8577147
1.717251
-1.693988
-2.404097
3.282249
3.008613
-0.8746961
3.442372
-1.265748
-0.06112645
1.55069
-2.933262
3.729748
-0.8715765
-1.807374
-1.010553
1.097633
1.345548
-0.1520845
-0.1612531
-1.058185
2.046618
-1.154374
2.458469
1.265385
1.312908
-2.148117
-2.039412
-1.186165
-1.432161
1.011375
0.3259352
2.659293
2.552159
0.3904422
0.6399909
3.284783
-0.2106884
2.872889
1.133068
0.8681252
1.301077
0.9312287
1.700315
-1.961074
1.15144
-2.885748
3.678186
-1.165847
0.5962929
2.660512
0.9575001
3.89893
1.720824
1.262734
4.121321
1.884202
5.587143
2.654445
2.668142
4.623578
-0.8205927
1.712132
0.6261584
4.213611
2.152629
4.176034
1.240302
2.356288
1.482691
0.5108346
1.267947
1.642977
0.2220754
1.427356
5.445802
0.2420738
4.647801
1.366422
1.100344
2.959677
0.1358038
-0.9864489
2.966553
2.798546
0.6990613
-1.141202
1.483931
2.98673
-0.2518691
1.696583
1.275389
3.556267
0.3200296
-1.129979
4.524552
2.380268
-2.43263
-1.206191
0.8074431
-1.087289
-1.268171
-1.033621
-0.1742571
2.176954
2.285875
3.393492
1.735677
-0.03418564
-0.4735209
0.7239637
-0.2811008
1.500647
-1.117495
0.8191427
2.659297
-0.5069252
0.5372267
-0.1765339
1.091236
0.4206223
2.150303
1.85138
1.153563
3.563222
2.263422
4.357967
0.9285441
-1.090174
1.937115
-0.01159576
2.116182
3.908196
-1.392317
-0.4201988
-0.8913297
-3.366811
2.749788
0.138285
1.392253
2.427588
4.584516
-0.6059451
-4.0137
2.420949
2.855386
-0.4148273
2.058798
2.604548
4.334168
-0.6376756
0.6210613
1.079135
0.3571878
0.1827499
0.6393648
2.04909
2.346578
-0.3423839
2.219365
4.536326
-1.657333
0.228517
-0.609922
3.426544
-1.505642
2.920583
0.156143
0.6834076
1.246885
2.896263
4.579086
0.8884723
0.9909078
0.1400177
4.729958
1.938131
2.221163
3.358389
0.4608043
0.8524424
0.8461694
1.244364
1.070636
1.700881
0.9117642
-0.3699701
2.781982
-0.6288093
0.5143369
2.295052
2.764555
0.2681855
-1.193258
-1.051796
-0.7741728
-0.2128808
-0.4434166
-0.6539004
3.654267
4.346312
0.191496
0.06505181
2.058065
0.9669275
1.774846
2.104222
1.531518
1.297942
0.1189922
4.174755
-0.1937634
-0.4278545
-2.691544
4.615933
0.1190197
1.239139
-0.5319388
-2.74108
0.04842907
-1.6314
1.71531
0.6821098
-1.373194
3.345917
-0.288845
1.524905
3.788124
0.141444
-1.81954
-0.2675594
2.483844
1.142118
0.7116879
0.2465877
-1.728873
1.394282
1.122507
4.805448
1.829915
1.984258
1.348902
5.592506
3.099716
-2.813712
1.141468
-0.5330264
0.09681017
2.709198
1.827429
3.952658
-2.052755
0.5850894
-2.313954
1.951032
2.523512
-1.656172
2.094725
2.984286
0.9039026
1.364905
0.3740108
2.173326
-0.1540259
0.4598879
-0.44855
2.340706
4.153728
3.93922
1.04073
0.3833286
3.448478
1.186356
-2.548723
2.484664
1.472686
3.266919
0.7928567
0.6370631
-0.9665862
-0.4360789
1.465783
1.621323
4.334801
1.039266
3.194894
-0.237139
3.389981
-0.8409203
0.2558948
5.59132
-0.7172894
1.39713
4.991361
2.206713
0.4050215
0.6042776
2.68165
0.4902877
2.991208
1.508779
-1.868097
-1.607334
-1.665695
0.4646112
-1.227485
2.638924
1.411234
0.7308036
4.646214
-3.446164
0.7043932
1.275872
2.100644
1.381254
-2.498946
1.975089
1.526284
3.05099
2.38709
-2.228136
-0.7309659
1.535339
0.353252
0.2847295
1.864495
4.222562
1.025416
-2.910983
-1.112584
3.186919
1.33669
-3.591855
1.6926
0.4401892
-0.9437849
3.614494
-0.6464465
0.4564733
2.097273
0.3287933
1.53869
1.452379
1.204959
-0.9212954
1.570189
2.578195
-2.453439
0.860061
1.663055
4.042669
5.072016
2.382915
1.794317
-1.193796
2.954063
2.186411
5.050495
1.371951
-0.1414221
2.398522
0.2890728
-0.4511353
2.30695
2.26255
3.006834
-0.7931198
2.445217
1.323082
-1.008843
3.860625
4.066179
2.826724
0.5979235
-0.2620089
-0.8457611
1.483929
-0.821093
2.552926
4.727378
-2.718322
1.919448
1.927089
1.131737
2.378151
-0.1913325
-0.03765325
1.338846
3.537212
2.057217
0.5222486
-0.4789592
4.330066
1.228683
-0.6809772
1.621219
-1.64049
-0.9268481
0.5175558
0.4307686
3.095485
0.5739112
2.123668
0.2511107
5.539496
0.6800241
-1.715066
-1.13087
-0.3517178
0.9091637
6.256586
-0.1558789
0.9684956
-1.865781
0.4828197
-2.612725
2.69703
-0.1982737
3.361137
-1.219002
1.764271
-0.9058722
0.5675264
3.830618
-0.3980815
1.002157
-0.07987416
0.9570335
-0.01094135
-1.211016
1.002111
3.067916
2.326503
0.2813843
1.137239
0.1254132
-0.07109551
0.8321178
5.612264
-3.124445
-2.718522
0.4653086
0.122651
4.482758
3.943241
2.599685
4.098169
5.100292
-1.751525
-0.5542976
1.932695
-0.8349217
3.843657
-0.7930411
-0.52006
-1.745677
0.6814762
1.285656
-4.033573
-1.274758
2.325885
2.130874
0.2100557
1.741358
0.5301201
0.05781685
3.308466
3.334201
-0.7340728
3.228702
1.067907
3.054998
4.482976
-1.034595
3.129194
1.39681
-1.91116
3.049488
1.698125
3.897618
-1.547417
3.2257
2.285961
1.67366
0.8373614
1.359657
1.671745
-1.579583
-1.092165
0.2643005
3.32526
2.188804
4.693011
3.727888
0.7048485
-0.04260775
-1.074669
0.09739607
6.057153
2.131365
0.4491344
-1.379158
2.659374
3.911472
1.68094
0.2677869
0.5883744
1.199783
-0.2677586
-1.098753
1.932797
-0.150221
-0.5176214
-4.092845
-2.799114
-0.6139878
2.74865
3.305568
0.2262717
-0.4463988
-0.795697
6.131396
0.8027917
-2.327161
-1.734543
-4.135688
2.665191
4.641537
-0.3035069
2.981665
1.814942
0.8180162
3.012444
4.107037
0.7973613
4.578248
-0.07989941
3.664119
4.632903
-0.3115067
-0.7246432
0.3400101
1.278859
-1.956179
-5.512489
0.8814144
2.152876
1.650174
-0.7324357
1.114716
1.113977
2.25346
2.99554
7.160662
-0.315398
-0.2146206
-0.6665016
6.26281
0.6404082
-1.982205
-4.002606
2.545318
-0.04163479
0.05988712
3.116075
2.843889
2.240082
-1.855705
-1.434755
1.89709
-0.01100943
-0.7348144
3.252653
2.480513
-2.742824
4.768606
-1.102145
1.830258
0.3527514
-0.2393607
1.861866
2.214501
-2.284486
0.8381285
-2.485058
-2.620458
0.1637117
1.152273
2.998152
0.8796629
1.631054
0.1866044
3.032314
3.838667
-1.424575
5.966249
1.826999
3.384538
-2.806696
-0.9390341
0.5152249
1.8908
0.6723155
1.369953
1.445219
2.498293
-1.452996
0.4056189
0.9127716
-1.623226
-0.08338798
1.376791
0.1135316
-0.7991657
-0.0129563
4.201204
-0.3115544
0.4162575
1.958989
-1.228085
2.456282
1.914772
0.1872297
0.2149845
-0.6943674
-0.799282
0.367579
0.4667198
2.063652
0.7847546
1.991795
-0.1101334
0.6929947
0.001381002
1.162661
-0.1392799
1.154211
0.1176687
2.784533
1.700963
-1.308738
-2.88969
-1.915343
6.369336
0.07658212
1.796664
3.386348
1.276136
4.012975
0.07815591
-1.142866
0.7079321
4.052907
0.5541135
1.638788
0.9183112
3.775176
0.07222643
0.7364943
0.686556
-1.023195
-0.2399172
1.463273
0.1746413
1.52462
2.687791
4.774459
4.025882
1.583347
2.28958
3.605891
2.577854
-0.4111972
-1.629088
0.748486
2.819464
-1.013171
1.6664
3.352301
0.9730188
1.366091
4.765509
-2.106538
-2.734855
-0.1212966
4.096587
-1.665046
2.380911
1.978904
-0.3555622
1.02284
-0.1664989
2.051849
-0.3025435
2.111677
-4.178192
3.525155
0.7292758
-0.7108742
2.12403
0.4438232
0.5050565
-0.2573136
-0.5037003
-0.6043754
3.088503
0.6900658
2.236422
-0.8096698
-0.2815363
-0.4091273
-1.363297
-0.1414406
0.1198026
3.897087
2.650275
-1.5068
-0.2320188
-2.017523
3.61854
0.8713056
2.070992
1.159544
1.249252
1.812647
6.014249
2.714326
1.672021
3.891697
0.9049811
-1.00855
0.9179385
2.307963
1.526325
1.759189
1.742842
-1.96503
3.147107
1.071306
0.2061169
3.314518
0.5128327
3.396818
5.473109
0.5261686
2.103685
4.40415
1.288829
0.9899133
2.898283
0.9150935
-0.003824248
1.992842
1.425655
4.503609
3.329529
-1.970835
1.871861
-2.764997
2.64922
0.6790695
-2.233122
2.400491
4.038542
3.510288
0.5659584
1.813868
-1.809471
-1.129158
4.184458
-2.354236
1.983283
1.850454
3.011747
2.397825
-1.550419
2.502284
2.289313
2.987766
2.099326
0.2810164
-0.5349839
2.290492
-0.5594779
1.750719
5.14185
0.07347143
-2.205085
2.133777
-0.9893425
0.04954059
-0.3081212
1.117477
-0.4185394
2.495939
-0.8659092
0.905697
-3.078141
4.204998
0.9835025
-0.3963837
0.1724249
1.498944
-2.866168
2.14057
3.125936
4.549756
2.398724
1.264272
-0.4318059
-1.232602
1.175472
-1.050745
3.287522
0.4836633
0.1986827
0.5567257
3.469488
3.62697
0.52677
0.2349319
1.588933
-1.617482
0.7926115
0.5529496
2.891388
2.402425
1.734276
4.177995
-1.550727
0.3307602
0.7970024
2.513921
2.818735
1.732499
-0.03352059
0.9636618
3.64574
-1.364837
0.3565524
0.2865251
-0.4318647
3.045859
-0.1979894
4.078914
2.801161
-0.4446251
0.8931901
2.679656
0.8883078
5.32671
2.40928
3.26459
0.1441754
3.985999
-1.282686
-2.42369
6.316135
-0.2182767
1.125125
1.336537
1.757298
0.3955744
2.789599
4.770348
0.701394
-2.147262
0.08784102
3.580295
2.419389
1.973793
-1.849776
2.291819
1.76333
-2.289699
2.117498
-0.7560614
0.03682799
1.79743
-2.980816
6.462258
-0.351041
0.4613886
0.8197521
1.307576
1.977764
0.7873108
2.170038
0.4923157
-0.4246076
3.999882
1.285949
3.185616
4.635139
-0.9282654
-0.9330514
-0.7064164
2.662421
-2.600469
0.7842345
1.237643
2.317465
-0.77688
4.181606
3.369648
1.804723
0.7364712
-0.5737039
-0.4240251
3.407791
0.3644993
0.6366643
2.764212
2.211112
-0.5703484
2.591823
2.957996
0.07613026
4.163816
1.74455
2.084161
-1.807618
2.202014
4.67419
-0.4899126
2.839923
-2.050571
2.841097
2.763199
0.460055
1.738609
1.10308
2.529072
5.835631
2.400541
3.010219
3.304875
3.302814
1.196485
-1.24121
0.8303504
0.7867698
0.839374
-1.897696
1.277365
2.463656
-0.2290488
-1.3289
-0.9317762
3.93718
-0.005614994
2.315826
-1.342854
2.226736
1.739028
0.1011422
3.192968
-3.398041
-1.476303
0.8997736
-0.7505057
1.491154
3.106448
0.2696999
-0.8889376
-0.6016348
1.923042
1.402507
2.908377
0.711686
-0.486891
-2.437012
2.715455
-2.830656
4.349319
6.226905
1.176601
-0.547395
2.794132
-1.674597
1.409477
1.760556
0.6131178
-2.979365
2.369075
0.1302104
1.006628
-0.2165165
4.424305
0.7482134
-0.1968231
1.904368
1.022315
2.203034
1.427127
1.837049
1.384521
2.636415
-1.078565
0.7461298
1.941616
-0.6800868
1.355458
2.858602
2.246081
3.37612
1.498976
0.560905
4.724457
-1.597359
-1.208685
1.77877
5.152915
2.505122
-2.073374
-0.4492864
0.5349665
-0.8079956
1.447811
2.074785
0.2780733
-0.4237833
1.943529
-0.0939951
-0.4962905
0.4306819
3.468746
-0.7762641
-0.3849173
3.312156
1.017985
0.4474854
3.651558
0.986136
0.4456916
-0.7949336
-1.89278
1.17283
2.353259
0.7635792
-2.709472
0.5967564
-0.1751657
-2.853512
1.752713
2.294982
-0.550084
1.701805
0.9781967
1.696065
-0.8032085
3.834717
4.191984
-0.06528214
0.3655412
-0.08298931
2.139633
-5.558325
2.45697
0.5896054
-0.1647756
1.437426
-2.456164
0.2836133
-1.041931
-3.350914
1.129035
1.931017
-0.09968552
0.3961887
0.367654
-0.05940647
2.363949
-1.311972
0.2209104
2.156042
3.301639
3.17438
4.404563
2.191865
2.256569
1.92332
-1.801081
0.2738937
3.273039
1.34199
3.070179
3.988417
3.10203
1.809035
3.210031
1.773966
3.529197
-3.476499
-0.5563246
0.3194932
0.4330813
2.591774
-0.1111678
-0.4391278
2.155912
2.030628
-1.252939
0.5449429
-4.155084
2.106118
4.324138
3.785335
-2.03968
0.1699199
3.813782
-0.0008234528
-1.300698
0.1839535
0.7704534
-2.002705
1.617828
3.592761
2.315432
0.7213783
1.469521
-0.3743299
0.07119424
1.223001
0.7465025
2.625282
1.257892
2.100327
5.048007
2.649779
1.77247
3.098147
1.069226
-0.5884077
0.689371
2.414079
2.261866
-1.087416
3.256689
4.224967
-3.385225
-0.131002
3.437946
-0.5883534
4.625159
-1.615491
-0.7166314
0.2770304
4.332882
-0.1397582
-1.858572
-1.783387
2.363819
2.193763
0.8655378
-2.372581
3.734678
2.64103
4.519811
4.815669
-0.5590776
-1.085192
2.861399
2.287176
1.852365
-2.579425
0.6284261
-0.4267397
-0.7178587
-0.09966544
-0.1392668
1.502714
3.745846
0.91967
-0.8498955
0.6216355
0.02043194
2.022265
0.4646766
-1.855782
-2.088137
0.1058355
2.316048
0.6915199
-0.7139683
-0.5891847
3.282213
2.106521
-2.76419
0.9637552
1.253477
-0.2795883
-1.589146
1.042994
3.515674
-2.116546
6.439742
2.063762
1.912767
-0.1204334
-0.7011061
1.305101
1.671093
2.07878
2.385084
0.2558853
4.310156
-0.1918874
0.3818462
2.822468
1.019434
2.343339
0.3860282
4.834648
1.689351
-0.4314626
1.483118
0.4819366
-6.423376
1.245622
3.717325
0.7427172
1.775668
-0.0861027
0.2720665
-4.08925
1.719097
-0.3593803
1.216633
6.762135
0.8798092
1.302775
1.729757
-1.216344
1.525896
-2.667323
2.828205
3.68372
0.5051
-0.3825625
0.03831114
-1.73016
-0.8846119
1.610954
4.388597
2.289914
-0.3637947
-2.313452
2.094637
4.281009
-0.2688108
3.86085
0.3465975
1.957995
-1.462331
3.658708
2.068211
5.180134
-4.389509
-1.980993
-3.900501
0.4400006
2.822044
-2.519978
0.6302019
1.852118
-1.410549
-2.310643
-2.917476
0.5614458
1.193447
2.686129
3.217827
3.654136
-2.48328
-0.2068888
6.489027
-0.8608983
1.885719
2.348866
2.874874
3.065394
0.7851962
2.527483
0.03716156
2.427599
2.507506
-1.857477
2.597967
3.589664
-0.9184553
5.485675
1.377998
0.4048825
2.111637
0.6678887
-1.016772
0.9085742
1.762281
1.425003
0.5318519
3.703265
-1.417883
-1.439918
0.5114661
-0.2540438
2.042626
-1.478775
0.2370281
-0.8147663
0.4761967
0.3891009
5.997833
1.722606
1.524232
-1.428183
-1.181185
3.446331
2.21819
1.635264
2.811267
0.131784
1.725637
1.471704
-1.217413
0.4966631
-0.8481738
3.828933
-1.574123
1.962033
-0.9273378
4.264812
0.4591731
3.018946
-3.369198
2.44833
-0.5171836
3.408289
-0.2610666
-1.051695
0.8439513
2.329965
3.095772
1.694942
0.954633
-1.822939
2.159708
1.368705
-2.164118
2.457261
-0.7765836
2.574814
2.199565
-0.09010879
-0.08157861
0.4613285
0.0992938
0.6883924
-1.636018
-1.592769
-1.775272
4.450727
0.3674861
8.929006
1.66148
5.173131
-1.311013
-1.279448
-1.896743
-1.071789
1.500942
5.134988
0.01907249
1.893567
4.11238
1.310368
-1.347481
1.54201
-2.82298
2.541971
2.144545
0.9151879
3.363674
-1.258024
-3.112465
2.199725
-0.5432231
1.772408
-0.3787531
-1.353906
-0.8839538
0.7541445
1.6347
2.842871
-2.690338
2.594837
0.6516979
1.362904
3.168648
-1.469129
-1.320317
-1.613991
3.340196
4.666477
0.1528037
0.6103989
2.567449
0.7521302
-1.681399
3.397057
1.702558
3.618891
2.496094
-0.08085799
0.1143833
3.359478
4.437912
-0.5761191
-2.83801
0.1299395
4.243879
-2.837649
1.112912
-3.433505
3.516702
4.209088
3.635448
1.593802
2.291513
1.143658
0.03114238
-0.4803681
0.9178741
3.646074
1.84062
3.697534
3.613025
2.306056
1.622464
-1.64215
2.549976
-3.266371
3.489143
2.935588
4.040713
0.4700937
0.2522919
6.196229
0.7558174
-0.1555859
-1.185233
1.35293
-1.451267
0.9594909
0.3501185
1.620105
-0.1690133
4.992785
-1.348139
1.241907
-2.124459
1.048019
3.422927
-2.244144
1.58251
1.11884
0.8612807
5.232939
-1.1573
0.08026485
1.408988
2.983056
-0.6040557
1.689789
4.574378
3.018234
2.15857
-0.2913301
1.312749
3.85444
0.7123787
0.1281589
1.022556
4.101137
1.44913
2.799376
3.189088
1.50398
3.897532
-0.2609998
1.09183
1.759229
-1.404608
0.7189147
0.06595572
-0.100681
2.581269
2.773365
0.00203303
0.5979116
3.66683
-0.4570449
-0.6191791
3.649736
-3.288025
2.2309
-1.587779
0.4096551
0.1292186
2.679944
0.9491501
-1.011657
0.7372219
-2.485937
7.038717
-1.769779
0.7698957
1.16005
1.32319
0.9532115
0.8480033
-0.1700139
-2.377818
-0.7234265
-0.6855938
0.7386897
0.1468542
4.598966
1.010317
2.688396
1.535303
3.177384
2.379149
-0.3695308
1.166559
-0.6808626
-1.01815
-0.04018107
3.370247
2.810686
-0.4834641
0.6143568
-0.4748761
-0.3042905
-0.6027842
1.172293
-0.8831844
-2.519021
-1.131626
5.121564
3.273479
-0.9951713
4.535601
-2.21864
1.555596
3.967154
3.841103
0.6207786
0.9910971
4.195167
-1.02205
4.351468
2.588604
-1.495128
-0.5445078
2.959556
2.283878
-2.995739
4.288423
-0.8580523
0.8112471
0.2374218
0.521306
-1.637855
4.494382
-0.114622
2.84821
3.039773
-4.30629
4.978424
1.135024
3.520609
3.681335
2.139601
0.2346009
0.9958875
4.068847
4.812517
-2.383899
1.009818
-0.1689169
0.4962223
2.15347
-0.5161558
-0.8239202
0.9503981
1.493648
3.433388
0.03371725
0.09926923
-1.355643
2.087085
5.902203
1.458229
0.9764527
0.1991225
2.742431
-2.08463
1.703748
0.362123
0.2533185
1.020246
0.4777518
-0.3142311
-1.529595
1.416553
2.083459
0.7649556
5.058727
-0.8755025
0.3509065
2.108393
-0.179294
-0.3305546
-2.208967
5.883546
0.4976267
2.447911
2.820745
0.1050438
-1.031383
2.101523
1.037496
0.8991696
4.223403
1.112283
2.013404
0.6723908
1.446684
3.455321
3.763377
-0.4803903
2.322126
-0.5075044
-0.6060514
0.8228355
1.711054
-0.6191103
-0.8254708
1.514914
-1.323552
-1.256822
1.049392
3.595422
0.9113388
6.897113
-1.719993
2.337722
0.5622842
-1.764097
2.368352
0.684368
2.762306
-0.4531489
1.494756
1.868945
3.893448
2.783855
-1.115621
3.683252
0.01009123
-2.385957
-0.9116492
0.9423428
-2.482888
-0.08843521
2.447236
-0.2793839
0.9645533
1.809838
3.142953
-1.822705
0.6574296
-0.1557749
1.181659
-1.24587
2.762666
0.9965516
-0.5385637
0.4948329
-0.6566855
-0.3675369
-1.508545
4.394522
-3.829678
-0.8949166
-1.470511
1.069873
-0.1951127
-1.645138
2.106634
0.4948165
0.9527862
-1.315266
-1.252167
-2.053205
0.4450727
3.870991
-2.77331
-3.357564
4.770404
1.670823
0.9335265
-3.743171
3.684866
0.8500704
1.175538
0.5280493
2.664483
0.004243948
2.979199
1.696074
1.120785
2.353948
4.370314
5.057146
-0.9835695
-2.063104
2.979646
2.246832
-0.6774837
0.3532793
1.154511
1.767752
1.47293
-0.7984194
-2.817308
-3.517436
0.5391454
-0.1825859
1.232127
0.7151606
-0.6545953
1.054743
-2.144271
1.272431
-0.6184535
3.721458
0.6788687
2.139828
5.478129
1.232574
3.595615
3.712459
0.01281904
-0.9964184
1.88503
1.567646
1.716432
4.396454
2.581456
-2.620601
0.1387264
2.706805
2.770679
1.872237
-1.529763
1.391992
2.784162
-1.074616
-0.2681596
1.207177
0.408784
2.15019
-3.751075
0.9281773
-1.36192
-1.22874
-2.592497
0.04128598
2.085851
0.9865812
6.123027
2.435301
2.936207
1.769508
-1.192307
1.418378
1.485166
1.879518
-1.212749
0.3899068
-0.8623736
1.606311
1.662612
0.3901264
2.160208
0.4647376
-0.3064675
2.135358
-0.4269052
0.5758678
1.123876
-1.229009
-2.600441
-0.6412507
0.7004756
3.97899
4.541437
1.430114
-0.4561533
-0.1610604
4.028373
-0.5177744
2.006636
-0.3268247
1.838368
3.121576
-1.026882
-0.9275117
2.000429
2.381006
3.584983
1.936758
1.376412
2.439279
-1.348349
1.327251
-1.552969
-0.5078806
3.796634
0.9427734
-0.1912864
4.534237
2.510067
0.3151623
1.520041
1.180002
2.077634
1.938258
1.214457
-1.107168
-0.1682067
1.903437
4.499473
-1.209121
2.964632
0.03776631
1.454267
2.177906
3.308906
3.001864
3.395181
0.2865895
-1.554001
1.061549
3.830094
-1.039969
-0.6028747
0.8497126
0.4442256
1.50491
1.254602
-2.843238
0.8814225
1.768664
-1.234029
-2.03992
-0.6427812
1.669342
4.356379
0.5153875
3.203473
0.7108059
0.212706
-2.164037
2.230878
1.465623
-1.237132
2.20533
1.130811
-0.8077186
1.852391
-0.8419619
-1.923168
4.08562
0.3035123
1.170051
1.270809
-1.60376
2.073045
-0.00681684
1.20594
0.3373176
0.3611316
2.383622
1.090006
0.6904901
4.375968
-0.2721219
-0.2820382
3.584252
-0.5203014
1.710796
3.511108
-0.07222749
0.259199
2.876938
0.4006414
-0.5853645
0.2868421
0.337495
3.21572
4.106066
3.181552
2.502546
2.741084
3.02873
-0.9697406
-0.6247603
0.588574
1.923518
-0.03116832
2.023631
0.7252981
2.116311
0.3682621
-1.376847
6.009
1.073016
2.656804
-0.239149
2.078992
0.6614547
0.07568284
-1.114582
1.834421
-3.514402
2.060821
6.171834
0.9667858
-0.5818726
1.757982
3.82027
-0.3208231
-1.982547
3.079118
2.575288
2.073123
2.787782
0.8391497
1.81006
-2.973047
-2.151723
1.298658
3.52659
-0.6616627
0.9116315
0.4639114
-0.2946435
1.470992
-1.131594
-0.4855955
-1.303033
0.1066103
-0.39521
2.973382
0.6667187
1.671775
2.578046
-0.373949
0.5782554
2.940064
-1.478346
3.441612
3.737419
0.6461045
0.8932382
3.464389
2.354845
3.91384
-1.486469
2.005999
3.091153
-0.777211
0.485224
0.1009505
0.7025896
3.566383
0.8580398
1.968915
1.245977
0.4172751
2.31529
-1.692208
-0.6131627
2.782484
5.229723
-0.8358967
-1.672774
-0.8991207
1.235857
1.508505
-1.460246
1.046188
4.935397
1.366988
-0.8288726
4.192784
-1.184834
1.074226
4.495646
-1.353463
-0.7939902
2.402522
-0.5229044
-0.5133115
2.092612
5.088319
0.03968609
-0.4630699
1.882218
-1.976698
-0.8952953
3.849919
1.809519
-0.8475895
0.7926525
0.1208924
3.277426
3.028728
1.11539
3.067683
5.116256
1.384777
-0.9283245
0.7285837
0.2584113
1.009715
0.4011517
-1.024721
3.783379
-0.3018201
1.172174
2.203397
-1.55862
-0.6624048
0.9173328
-0.3795836
-2.361549
-3.841593
-0.2841148
-2.00985
-1.914645
0.8353991
1.82933
-0.5381293
1.588394
-1.347516
0.707707
2.504029
1.788461
3.059668
-2.619194
2.835986
0.256052
1.775855
-0.1891651
3.231546
-1.649906
4.994196
1.317855
3.169974
-0.8812455
0.04378765
1.779901
1.154209
4.207754
3.032374
1.927671
-1.566221
2.62704
1.640541
-0.7177019
2.629735
-2.18196
1.561858
-0.7883461
2.292649
4.434045
2.910451
-0.7778613
0.1662821
1.5654
0.003351459
2.651297
2.297466
0.8536901
1.072526
-2.280085
5.748526
3.459574
0.3134604
-0.7456604
1.353873
0.9831329
-0.3211438
-0.01090233
-0.3924182
0.4651048
1.1379
-0.9827961
-0.6957433
2.116801
1.129883
4.321707
3.510623
-1.410214
1.176839
-0.4659022
1.58977
0.06612636
2.50291
4.954198
4.224683
4.18307
0.6518538
1.262275
-0.04274991
0.3442651
-1.255178
2.279245
-2.015744
0.1716616
-0.6813886
4.685605
2.660455
2.696827
1.119868
4.926721
3.006931
3.50179
1.997106
0.3851081
0.8202341
1.302722
1.02569
3.311124
-1.148642
5.228421
-1.055888
-0.349786
2.841384
2.113042
-2.893745
-0.7464655
-1.009554
1.697599
4.880532
-2.164838
0.9837008
2.023915
3.404574
-0.1638103
-0.2749953
2.774908
2.444523
-1.065157
-0.7819434
2.301497
1.640914
-0.6145417
0.3824504
-1.223246
-2.361481
-0.6687851
0.07900993
0.7234229
0.4021146
3.949986
2.533026
-0.7359742
0.08885568
0.1673416
-3.609001
1.871424
1.029194
0.9626156
2.475931
4.22757
1.056485
4.751772
0.6180342
1.561416
0.4460737
2.34657
5.147837
-1.463326
2.148004
3.585456
0.09609369
1.453978
-1.071011
1.578972
2.011583
3.022345
3.022159
-0.6315854
4.166362
-0.2374837
0.4732189
-0.2826407
3.295154
2.289012
2.33649
1.098845
1.536381
-2.391766
0.6794454
4.170463
2.062914
2.035756
1.792831
-0.2819323
-0.9700567
2.047883
-1.083735
-0.344331
1.644881
-1.199245
2.855729
-1.166647
1.467342
3.908078
-1.692116
1.799976
-3.529176
1.399259
1.082873
-1.052745
3.078379
-0.487172
1.202531
-0.551769
4.542097
-0.738749
-3.039221
0.8505248
2.61486
-4.393021
-3.204774
-2.691604
2.103852
0.7348849
3.912842
-0.4331916
-1.25284
1.511675
0.962206
-1.268452
-1.744232
2.786112
0.5446503
-4.171305
2.207937
2.917477
2.233395
-3.552962
-0.3180796
2.080212
-0.730522
-0.1070727
-0.5207027
1.221775
2.44977
-1.594068
2.980897
-0.5039899
2.998812
-0.484173
-3.320502
1.424414
2.026765
2.265333
4.292669
-3.579804
-0.9125158
0.4730301
1.269447
2.707092
-0.4476093
-1.02613
2.442353
3.184837
1.575313
1.79423
2.618583
2.125465
0.8545739
0.9812035
2.208647
1.420221
-2.436022
-0.6316329
-2.371172
0.1747987
0.4275927
-0.6759805
1.422696
-2.634164
1.640932
2.895922
0.529582
3.52794
2.984127
-1.740364
-1.425545
2.355575
-3.779188
1.741239
1.457559
0.7048684
4.878334
3.300254
2.808403
4.481785
0.8301591
3.698129
0.01140017
2.128943
2.701185
0.2034998
-1.020631
5.533227
1.592218
-0.9159813
2.581594
-1.113292
1.320695
-1.579471
-0.9535132
0.5925179
-1.933897
0.2358609
0.8976018
0.2963956
1.215141
2.452797
-0.3028625
3.080058
0.6694094
1.100393
-3.142423
-0.242917
-2.102623
-0.3494217
0.3398725
-1.616274
-0.05376638
0.3118176
-0.2881012
3.38595
0.891815
4.133416
0.3539306
-1.819476
0.6085717
1.856009
2.541837
0.136343
2.63212
-1.89684
2.405352
0.428966
2.98429
-0.2804722
3.083605
0.3439153
7.04183
4.048357
2.681553
2.755618
-0.9532101
0.9093435
0.2556733
1.204171
-0.3371147
1.62476
2.804797
5.404083
2.070385
-1.530703
0.8561999
2.573748
2.124823
5.293673
1.784491
3.189308
2.110773
-0.5317264
2.014743
2.999351
2.98204
1.624315
1.474949
2.1595
0.7807991
0.8254031
1.414383
2.238794
3.334294
0.5786351
4.05801
-1.754669
3.138031
2.651309
1.737761
1.146412
-1.29277
-1.549271
0.4937291
0.7366273
4.088205
2.479755
-1.034738
-3.231148
3.703789
2.606977
1.322458
0.8097556
2.421967
1.109979
5.779972
1.002125
-1.108003
1.613479
4.74906
4.217565
-1.49106
0.7760893
-1.277512
0.9003136
0.8300561
-3.0713
2.102899
4.292625
-1.533812
-3.600697
1.659423
0.5313501
-1.61982
0.922421
-0.4960377
4.403169
-2.83574
0.5104691
2.724476
2.002502
2.380451
1.537411
2.912849
-0.3713374
6.109009
-0.06214706
1.693018
0.6163389
-5.249963
-0.5583178
4.303343
-1.735736
3.969274
2.464257
-0.2748512
1.341184
-2.275275
-0.1197261
-3.299708
1.269764
1.727521
0.2641948
4.731311
0.7057368
-0.9000798
0.2940728
0.9820646
2.581574
-1.002996
-1.906851
3.249804
-1.172959
2.613811
3.853075
3.475169
0.8202788
3.061866
-0.1754926
1.462878
0.6328237
2.681556
-1.75781
3.452475
0.7640103
1.648261
-0.4246061
1.82639
2.51467
2.83083
-1.76146
2.850458
-1.635848
0.8710051
-1.957546
1.7833
4.854992
1.170796
0.3181566
3.458995
-0.0893931
4.266807
5.148558
-0.3631326
2.181584
4.052368
0.1425278
2.386936
-0.4015297
2.139394
0.2715483
2.78239
3.171997
-1.811465
2.825833
3.412337
0.4400672
-1.116957
1.870996
2.056987
0.8677062
1.745623
0.6721888
0.7025399
0.3703332
2.408407
0.4511327
1.518413
0.7038315
0.7881305
-2.579289
-0.5134575
0.7077253
4.825786
0.6684036
1.083814
-0.01033056
0.6084851
-1.794298
-0.7297603
1.873238
-1.346278
3.360841
1.754286
2.260243
-0.5443841
1.872076
3.80655
2.417141
-2.1146
-1.866941
-0.8072504
0.3189331
2.289208
-1.005364
1.201937
-2.5341
0.03258531
2.014182
-0.719916
0.1137603
-0.2366163
2.600876
-0.7250923
0.1966349
1.149778
2.814369
4.068454
4.46617
-2.182722
2.48859
-0.1530925
3.742949
-1.050471
0.1170112
-3.120562
1.074043
-1.086008
-0.03774669
0.02958259
1.49816
-1.470116
0.3481071
-0.2782374
1.668114
3.087633
-0.2273939
1.183089
-0.6050896
3.886164
-1.412102
2.862836
4.133655
1.842254
-0.3518358
2.941112
-1.723457
1.272891
-1.258772
2.229625
2.073626
4.053395
-0.8166414
0.7204715
2.692913
-1.122103
2.700537
0.760614
1.391783
0.9025609
-0.7120576
0.3538887
1.282635
-0.8174917
0.1621916
1.093556
0.2730957
2.078438
-2.835003
4.48272
3.677286
-1.026364
1.909175
-1.264724
0.1612945
1.230721
-1.773804
1.088637
1.283192
3.284611
2.569462
0.6155196
3.605569
2.380661
5.077987
0.3332472
-1.710754
0.7585649
0.8868761
4.319265
4.020189
1.173382
0.2149225
4.264617
1.019185
0.7688453
2.454394
3.888672
1.716591
2.394568
3.39904
0.2283202
3.482774
0.6850542
2.240298
-1.217851
-0.8916552
1.662518
5.424661
0.4157786
4.235703
0.2549648
2.957489
2.32726
2.02848
-2.033806
0.6212688
2.946657
-1.787856
-1.349923
0.4065431
0.698679
-1.275047
0.4371135
0.3476758
-0.1426066
1.542176
4.778122
-1.128425
1.245678
2.851454
-2.698734
-0.4855691
3.10572
-3.028852
3.262982
2.295766
0.3492784
0.1690702
0.9435035
1.788344
-0.9923868
-0.9240346
0.765659
-0.9510326
1.777324
0.1032559
0.0001836435
5.480886
1.993401
-1.348223
0.3837449
0.271022
1.585965
0.8630236
-0.2164058
-0.96304
1.149428
1.15558
1.161022
-0.2885846
-1.584509
5.583312
2.339485
-0.2717178
-1.554554
-0.2510602
2.9427
-0.4688736
3.742929
-0.376162
2.338943
3.72313
-0.7593126
1.23686
-1.313357
-0.4298541
2.542214
-1.325791
0.5882306
2.132612
-2.376618
1.843064
-1.166001
2.680434
-0.1408966
3.484243
3.668145
1.111009
0.3134627
0.02599494
2.982915
2.08879
1.881288
1.136544
1.509829
-0.1512858
3.67772
-0.6287963
2.303245
-0.5855315
-0.9233636
1.633938
0.8595692
0.8988352
0.4923332
3.563942
1.234887
2.605353
-1.372215
0.3518197
6.380998
2.516116
-1.676835
0.2350583
2.149832
1.065392
-1.164291
-0.8322514
1.715883
2.498906
1.392628
-1.76868
-0.5653379
5.536888
3.159367
2.22187
6.278858
4.89549
0.4253593
-0.1651837
2.100692
1.970332
-0.6260687
-1.887216
4.631393
3.908377
0.07426629
0.5445139
0.6459978
2.559873
-3.180812
0.632553
0.6229825
-3.975275
3.361029
-1.1293
5.478363
0.0738506
-1.820739
0.7551609
3.358827
-0.3848195
2.827068
3.204448
0.381278
3.583518
-0.2503874
-0.3450638
1.445977
2.063822
0.2957265
2.032509
1.12923
-1.716043
2.036106
3.602606
1.281117
-0.2581738
1.177348
0.9608296
-3.614479
1.071441
2.53002
0.6776251
-3.746646
-0.697639
2.194213
-0.006320964
0.5067854
0.5964007
0.9331125
1.357572
-0.9354921
2.204921
-0.2033702
2.322146
2.226072
-0.2274464
-0.6772082
2.196267
0.1662031
2.25116
0.670814
5.103105
3.423323
-1.105566
1.993031
2.258138
-0.8049452
2.712767
2.745745
2.742071
0.5343849
1.359707
-2.317718
2.901939
-0.8135229
1.98307
-0.5752771
-1.644068
3.589877
0.8007938
2.373231
4.239256
1.627646
-3.99549
0.9035627
-1.971151
1.918115
-3.00226
0.2589382
-0.2306809
1.89322
2.236554
-1.375791
1.78971
-0.527474
3.056005
2.5242
3.188432
3.706695
1.824197
0.3787777
1.189596
4.970143
2.781528
1.677548
-1.357485
2.241541
-0.3952262
0.08832585
0.5715422
2.210299
4.390805
1.914215
-0.9661089
3.129238
1.587954
0.3364089
-0.8749355
1.523779
-1.560553
2.978206
3.187009
1.375511
0.6525005
3.168522
-0.2125693
-0.5966772
3.33017
3.05244
3.082829
-1.459528
-0.01729023
4.765204
0.7294593
2.927093
2.942338
2.386864
-0.5371135
-0.8326616
3.501369
3.130814
0.3440712
0.3176566
2.012509
-0.9716622
1.70388
1.717835
0.8576393
-0.727559
1.923655
0.7968991
-0.7105736
0.6762056
1.95195
-2.444349
-0.7813181
-0.5325197
1.465105
0.1875192
0.09810747
3.605376
1.609502
3.027562
0.8134715
0.4735941
0.9009937
-0.1129229
-0.4134881
2.022235
3.116917
0.4840477
0.2459058
-0.1499524
0.726988
2.886876
-1.854024
-1.069708
2.4719
-1.985957
3.363417
7.241047
1.522705
-0.01495579
0.4658331
-0.9033881
2.699181
-1.686993
3.65797
-2.771416
-0.8271148
-0.1498778
0.7443786
0.3103437
-1.274533
0.6427209
0.8248254
1.1913
1.3669
-2.143891
0.5356619
0.985172
-0.3344437
2.828642
3.726981
1.811198
1.324489
-1.040309
0.6702717
1.638382
3.945815
2.67869
0.7337268
0.03739877
2.455105
3.376747
3.417169
-1.068198
2.363414
0.2392602
2.435387
1.07929
-1.525564
2.35335
0.522398
-1.019045
-1.126187
1.703921
3.497002
2.387958
-0.5590338
2.51518
1.724946
1.858441
-0.2130005
7.510542
3.765196
1.254235
1.335615
1.427734
0.8254129
1.937337
-0.976777
2.820361
2.586694
2.521705
0.7715513
1.75869
3.85685
0.3670849
-1.532829
-0.7644154
2.102914
2.816559
1.366658
1.642317
0.9285205
2.407553
-2.62124
0.9788855
0.5334061
2.247469
-2.053471
3.509521
2.116099
4.706494
4.343988
-1.043159
-4.335
3.037776
-1.249195
-0.5171995
2.290536
0.5284645
-0.3821625
1.304475
1.839919
1.052827
-0.3134813
2.025948
1.798378
-2.117727
2.761536
0.7234408
2.759124
-1.795219
-0.9531855
-0.8942956
0.6428837
3.236188
-1.533013
-2.06134
1.534085
2.961194
-1.263682
-2.63268
3.283198
1.808226
0.3692902
-1.275032
3.932516
-1.389714
1.195031
1.591251
0.3550087
0.518818
0.4044
-0.2238465
1.702725
-0.05618347
4.220156
3.342314
0.03932775
0.6199966
6.531528
2.394418
-1.185865
5.481283
2.397331
1.562094
2.236625
1.386344
-0.6114422
3.294343
-2.389383
0.3352227
-0.2822476
0.2184066
1.414006
2.029663
1.193507
2.835431
3.263902
2.806772
2.726248
-3.847745
-2.56997
2.384119
2.922204
1.151698
-0.7636174
3.308413
0.5952785
-3.799694
-0.614438
1.558738
1.0333
-0.5837742
1.080637
3.429092
-0.3117386
1.59543
-1.577114
2.840625
1.355937
1.250048
-1.453613
-1.620945
0.8222309
0.696527
-0.2851656
-1.14859
-2.610505
5.375491
0.9961902
3.059007
0.9248108
-1.586464
4.301271
1.041308
0.7859977
1.164283
2.934455
-3.383232
-0.3068996
0.4291321
-0.565113
1.721926
-0.4795016
-1.042215
1.202666
6.20323
2.229764
4.428955
0.1970472
-2.959207
1.264036
1.062077
0.5295873
3.111951
3.276464
1.574207
0.4874657
0.2452046
0.7609154
0.4269248
3.093706
1.32187
-0.2226322
1.914446
2.373405
-1.278763
2.562132
5.774945
1.676851
6.210626
-0.5250253
2.156854
1.076572
0.3155465
2.104302
1.783844
2.125696
-0.7315487
-0.9306057
0.1797145
1.408747
3.591302
-1.643145
-2.804132
6.398305
-1.722051
0.8173364
-1.282149
-1.13071
-0.3945956
-1.19272
1.146225
-1.491854
1.552808
-4.020079
1.888314
3.043121
1.746839
2.548824
0.4342415
-0.07629719
2.29292
-1.381084
-0.4250902
2.80217
-0.375098
0.7973295
-0.7159448
1.739933
-0.2983818
2.966786
-1.485603
-0.3067646
-0.4814127
-2.911225
5.375494
-0.1030822
0.7412383
-0.3958259
3.394471
1.847471
0.1718951
3.394957
0.495142
1.049892
3.155562
-0.7066602
3.233536
0.7397466
2.329959
1.651413
-3.312585
4.769014
-3.116848
0.7558462
2.858934
1.605505
0.6648993
3.911823
0.6775537
-0.1320294
-0.832596
3.651454
-1.620827
-2.136639
0.05008591
-0.4872508
3.059592
4.445328
-1.419158
4.384294
2.343538
-0.7965398
0.2029625
0.946047
-2.499901
0.9742256
2.476703
1.456015
3.762219
-0.2662132
-3.214228
1.69063
1.945647
-2.549822
8.422702
-0.613074
2.496458
0.6863759
-0.1779926
1.140728
-2.61299
-0.7266489
-2.691629
3.650771
2.303617
-0.7352214
-1.421788
-0.3859124
8.274146
0.4010504
4.69302
-2.104086
1.630401
-4.463582
-0.9156871
0.3048969
1.786399
4.112842
2.874446
0.6403759
2.228229
-1.693821
-1.248128
-1.073135
-0.3716955
2.057643
2.429201
-0.4428462
0.7488181
-2.039029
-2.193245
-3.150728
0.2015334
1.112329
5.72352
1.771245
-0.3751178
-0.48409
2.311561
2.305771
2.904236
2.448427
1.198146
4.112198
1.85542
-0.2527556
-1.207981
-0.3726067
2.862633
-0.2144879
3.462077
0.1473568
2.139385
-0.9571582
-0.5562297
4.160696
4.376834
-0.03451266
2.921722
-1.366134
-1.064739
1.538179
-1.70159
1.476704
0.5531582
1.129024
-0.1476386
3.451628
3.049017
3.736743
2.528176
2.136969
1.085152
-1.334362
-0.9032935
0.05659253
2.129539
-0.3515428
2.358545
0.1086309
-1.038077
0.2335978
-1.844737
1.688104
-0.8572223
2.484933
2.476281
3.695829
1.88921
0.7595705
0.2792388
2.648366
3.764623
-0.3868179
-1.304569
-0.6952416
1.585205
1.023707
-0.4772557
-0.2692204
-1.518404
0.5135115
0.414879
-1.268008
-5.585544
-0.8106813
-0.8676926
-1.751754
3.71474
2.007035
1.16454
0.809712
-0.8520028
2.350864
-1.196116
-0.8852406
1.649879
3.197153
1.036033
3.4114
-1.0444
3.159879
-2.198441
-1.62351
0.310476
-0.7702817
2.221848
1.551741
-3.428672
-1.728428
2.291852
-1.696568
5.01537
-0.9278181
1.056577
1.904085
1.072029
0.3410656
1.899455
0.007459664
0.1031098
0.6559634
-1.325818
0.4364299
3.943682
1.576682
-2.246907
-3.054154
-0.3486106
-1.312708
-0.5765381
1.021072
1.228082
-4.597408
-0.4844268
1.20392
3.987457
-0.8869334
4.294104
0.4278113
-2.333152
-1.313497
2.623158
-0.2261034
2.150288
4.620299
-3.286328
3.307645
-1.562133
-3.462132
-1.34033
-1.245067
1.55842
4.749792
3.033664
2.439957
4.472303
-2.98231
2.331334
-0.315038
1.484482
0.4609607
-0.5040208
3.091782
-1.44762
1.46767
3.788931
2.459473
2.086313
-0.1497947
3.561584
-0.9060514
-1.571379
1.89565
3.844881
2.312335
1.97466
2.199663
-1.438856
0.8968014
-2.042328
1.126812
-5.672851
-0.9953807
-0.4018723
2.207533
0.0537632
-0.7817477
0.3195152
2.32625
2.238316
4.586972
1.651714
2.369245
2.731983
2.39723
-0.8891144
1.106257
-1.323865
2.819585
0.08880549
0.5439861
-0.7273461
1.897257
-0.5735142
-0.4594559
-0.5636232
3.213643
3.734724
1.679151
5.30823
1.104184
1.240721
0.00616998
2.381397
2.245623
0.6043309
-1.192307
0.6121693
2.018547
0.9267146
0.2887435
-0.278718
0.7736722
-1.038569
0.2522043
-0.8450858
0.8124509
1.496166
-0.3153807
2.824823
2.663168
1.735748
-0.02961654
1.612559
-1.298711
2.003793
1.67682
